1475	131885	81	358 294 450 369 92 90 67 12 357 638 175 9 62 12 442 294 135 84 67
2006	24356	81	644 819 67 12 268 248 452 453
1476	16601	81	358 294 41 44 90 417 67 43 40 39 153
1476	123820	81	205 19 39 153 96 912 358 294 450 369
1475	168539	81	357 294 252 807 0 55 62 14 15 163 259 16 516 66 143 616 143 131 134 358 8 294 12 201 62 84 450 369 67
1476	19084	81	0 516 130 128 4 358 294 450 369 797 645 17 509 67 12 43 40 39 153 221
1476	19870	81	358 294 41 44 23 39 153 574
1475	205591	81	358 294 450 369 41 44 17 166 108
1476	62521	81	23 550 0 356 355 95 358 294 450 369 37
1476	120408	81	90 417 4 358 294 450 369 36 34 39 153 221 37
1476	221736	81	0 4 358 294 450 369 43 40 39 153
1475	193400	81	132 73 294 28 33 4 358 294 450 369 43 40 84 55 67
1476	184922	81	90 417 4 358 294 450 369 39 153
1475	180742	81	442 294 4 358 294 450 369 84 67
2004	209887	81	154 358 441 327 51 40 328 367 36 34 356 355
1476	220558	81	96 912 358 294 450 369 43 40 39
1475	123680	81	62 300 16 358 32 1 41 44 43 40 48 17 509 67
1476	112698	81	414 413 48 95 358 294 450 369
1353	109315	81	43 46 507 508 252 297 4 221 22
2006	22235	81	154 358 452 453 408 191 62 10 65
1476	233293	81	0 90 417 358 294 450 369 43 40 39 153
2004	106922	81	0 4 644 819 197 1139 306 29 326
1475	65860	81	18 51 40 0 4 358 294 450 369 84 55 67
1475	39026	81	18 51 40 357 294 48 42 4 358 294 41 44 12 442 294 135 84 55 67
2006	90523	81	644 819 452 453 408 191 62 97
1476	41454	81	205 593 39 153 129 132 358 294 450 369
1475	54285	81	0 4 358 294 450 369 43 40 39 17 42 67
1476	83320	81	36 34 39 153 357 294 4 358 294 450 369 37
1476	124814	81	43 40 39 153 0 4 358 294 450 369
1475	95110	81	0 129 132 534 533 8 4 38 35 43 40 175 84 55 358 294 450 369 67
1476	122679	81	358 294 450 369 9 23 39 42 37
1476	146425	81	39 153 34 132 358 294 450 369
1476	243194	81	0 99 103 4 64 848 211 212 4 26 62 14 15 16 358 294 4 651 899 43 40 356 355
1475	246834	81	0 358 294 450 369 43 40 175 84 55 67
1476	188348	81	39 153 92 0 507 508 4 358 294 450 369
1356	45439	81	154 358 62 97 65 21 193
1476	169500	81	358 294 450 369 43 40 39 153 221
1475	865	81	129 132 4 358 294 450 369 43 40 84 55 67
1475	21240	81	0 64 94 195 26 39 0 4 358 294 450 369 84 55 67
1476	24610	81	205 19 39 153 90 417 4 358 294 450 369
1475	215721	81	357 294 4 358 294 450 369 442 294 43 40 84 67
1475	172839	81	358 294 450 369 84 55 43 40 153 313
1476	237947	81	43 46 356 355 358 294 41 44
1476	217556	81	358 294 450 369 175 39 17 42 67
1475	45702	81	18 51 40 358 294 450 369 797 645 84 55 67 20
1476	109786	81	0 99 39 153 34 132 4 358 294 450 369 36 34 37
1475	29451	81	0 4 358 294 450 369 43 40 84 67
1353	175374	81	0 36 34 507 508 252 297 37
2004	250896	81	644 819 447 572 64 29 326
1475	139248	81	150 64 0 4 139 44 65 4 358 294 450 369 84 55 67
2006	114434	81	644 819 84 248 452 453
1476	203162	81	0 99 39 153 357 294 4 358 294 450 369
1476	178835	81	0 4 358 294 450 369 9 36 34 39 153 221 37
1353	124465	81	23 17 23 109 252 297 4 175 222 507 508 662
1476	36561	81	358 294 41 44 90 67 43 40 356 355
1476	41169	81	142 471 358 294 450 369 23 550 0 39 153 37
1475	33969	81	81 358 294 450 369 84 166 108 67
1476	230882	81	0 39 66 95 358 294 450 369
1356	241154	81	205 19 162 195 26 1875 358
1475	36355	81	358 294 358 294 450 369 84 55 67
1476	103154	81	0 4 154 358 358 294 450 369 205 19 39 153
1475	228185	81	43 40 358 294 450 369 127 66 197 135 84 67
1476	63461	81	129 132 308 309 4 277 305 1 358 294 4 450 369 90 417 67 12 43 40 39 153 221
1476	3378	81	358 294 450 369 92 90 417 12 205 19 39 153 358 294 450 369
1476	209524	81	43 40 39 42 34 132 358 294 450 369
1476	137481	81	39 153 92 90 417 358 294 450 369
1475	152174	81	358 294 450 369 1148 84 62 67 20
1476	19250	81	43 40 39 153 516 195 26 4 358 294 450 369
1475	245623	81	34 132 4 358 294 450 369 84 67
1475	75316	81	84 55 129 132 4 358 294 450 369 67
1476	196122	81	129 132 4 358 294 450 369 43 40 39 153 221
1476	132239	81	43 46 39 153 358 294 450 369
1476	206796	81	43 40 39 154 358 358 294 450 369
1475	104816	81	34 132 4 358 294 450 369 43 40 84 55 48 42 67
2006	193489	81	43 40 18 644 819 452 453
1475	112766	81	0 4 358 294 450 369 84 55 67 12 39 17 42 67
1476	4684	81	379 379 90 417 358 294 450 369 23 39 153 37
1475	136988	81	154 358 450 369 84 55
2006	117255	81	154 358 92 644 819 67 205 19 452 453
2006	220371	81	154 358 644 819 452 453 62 97
1476	131558	81	43 40 36 34 109 90 417 4 358 294 450 369 39 153 221
1476	43658	81	17 543 446 90 67 358 294 450 369 12 43 46 23 39 153
1475	140774	81	0 516 195 26 4 358 294 450 369 48 17 42 67
1476	13210	81	43 40 39 153 129 132 516 1 582 4 358 294 450 369
1475	196022	81	18 51 40 12 0 516 130 128 4 358 294 450 369 84 55 67
1476	124761	81	205 593 39 153 358 294 450 369
1475	134155	81	0 516 211 212 100 4 358 294 450 369 43 40 84 55 67
1475	142054	81	0 357 294 33 103 1 31 4 358 294 450 369 84 55 67
1475	229134	81	358 294 450 369 11 2 317 451 67 66 95 175 84 67
2006	35997	81	154 358 452 453 408 191 62 97
1475	129775	81	0 4 358 294 450 369 251 84 55 67
1476	223892	81	205 19 39 153 92 90 417 4 358 294 139 44
1475	25696	81	18 51 40 0 129 132 4 358 294 450 369 84 55 67
2006	19583	81	0 92 644 819 17 197 452 453
1476	59113	81	39 153 243 608 503 4 358 294 450 369
1476	51078	81	43 40 23 39 42 129 132 4 358 294 450 369 12 75 1193 240 778 608 503 4
1476	35316	81	0 99 101 48 129 132 4 139 44 450 369 23 101 42 37
1475	24949	81	516 195 26 4 358 294 450 369 84 55 67
1476	162499	81	154 358 90 417 67 43 40 356 355
1476	137380	81	848 211 212 26 358 294 4 450 369 90 67 43 40 39 153
1475	201014	81	18 51 40 0 4 358 294 450 369 175 84 67
1475	93958	81	0 4 358 294 450 369 43 40 175 84 55 67
1476	243211	81	81 221 4 358 294 450 369 43 40 39 42
1475	246972	81	0 4 358 294 450 369 358 398 43 40 135 84 55 67
1476	73447	81	0 358 294 450 369 92 90 417 43 40 39 153 221
1476	246051	81	324 23 802 66 95 0 357 294 638 16 42 201 62 175 358 294 450 369 37
1475	61437	81	11 2 16 660 129 525 12 358 294 450 369 84 55 67
1476	28278	81	0 4 358 294 450 369 23 39 153 221 37
1476	178270	81	0 99 39 153 90 417 4 358 294 450 369
1475	227877	81	379 379 4 358 294 450 369 84 55 67
1476	66726	81	43 40 39 153 34 132 4 358 294 450 369 20
2004	92852	81	51 40 328 367 23 356 355 154 358 280
1356	9017	81	62 97 65 358 294
1476	64205	81	379 45 516 195 26 4 358 294 450 369 23 39 153 40
1476	59159	81	43 40 39 153 358 294 450 369 280
1476	251357	81	358 294 450 369 205 19 356 355
2006	4321	81	644 819 67 43 40 452 453
1476	240628	81	43 40 39 153 333 330 608 503 4 358 294 450 369
1476	70187	81	0 36 34 39 153 129 132 4 358 294 450 369 37
1476	208363	81	205 19 356 355 154 358 41 44
1475	114901	81	81 221 4 358 294 450 369 4 139 44 175 84 55 67
1476	44755	81	121 103 357 294 4 358 294 450 369 90 417 67 43 40 39 153
1476	48396	81	358 294 450 369 90 417 67 23 356 355 37
1476	249175	81	0 358 294 450 369 84 55 67 12 43 40 46 39 42
2004	167359	81	644 819 328 123 64 29 326
1476	135018	81	121 103 0 236 67 305 347 34 132 4 358 294 450 369 43 40 39 153
1475	59732	81	18 51 40 48 17 42 358 294 450 369
1476	183326	81	0 62 14 15 358 294 4 450 369 90 67 43 40 39 153
1476	224714	81	0 4 358 294 450 369 23 39 153 37
1476	66752	81	0 99 101 39 129 132 4 358 294 450 369
1353	173620	81	43 40 507 508 252 297 131 134 22 24
1475	24747	81	34 132 4 358 294 450 369 17 509 67
1475	138928	81	154 358 358 294 450 369 17 509 67
1475	193156	81	0 129 132 358 294 450 369 84 55 67 43 40 234
1475	10542	81	18 196 0 357 294 4 358 294 450 369 175 84 55 67
1476	144696	81	358 294 450 369 101 39
1476	85770	81	305 336 90 417 67 358 294 450 369 36 34 39 153 37
1356	149226	81	1875 358 62 10 65
1475	35964	81	358 358 294 450 369 84 55 67
1475	112616	81	18 51 40 0 4 154 358 84 55 308 309 450 369
1476	249670	81	358 294 450 369 39 17 42 67 43 40 234
2006	131482	81	154 358 452 453 408 191 62 97 67
1476	153365	81	358 294 450 369 92 90 67 12 43 40 39 153 221
1476	175708	81	129 132 4 358 294 450 369 266 97 39
1475	147286	81	0 132 73 294 516 66 190 609 105 358 294 450 369 43 40 84 55 67
2004	72094	81	644 819 19 328 197 356 355
1475	216391	81	0 4 358 294 450 369 43 40 251 84 55 992
1475	37006	81	60 398 129 525 18 51 40 48 17 509 358 294 450 369 65 4 582 586
1476	227477	81	358 294 450 369 17 543 446 90 67 43 40 39 153 221
2006	37048	81	154 358 0 5 452 453
1476	43544	81	90 417 67 358 294 450 369 36 34 39 153 37
1476	45022	81	205 593 356 355 358 294 450 369 13 0 62 16 25 39 26 177 837 668 12 357 294 177 30 67 12 135 109 450 369 1978 417 67 12 442 294 837 668 499 1252 67
2006	38066	81	644 819 452 453 408 191
1476	136226	81	34 132 4 358 294 450 369 62 97 39
1476	251288	81	90 662 4 358 294 450 369 43 40 39 153
1475	168646	81	96 912 139 44 17 509 67
1476	131266	81	0 266 610 4 358 294 41 44 9 23 39 153 221 574
1475	147627	81	358 294 450 369 43 40 84 67
1476	208034	81	205 19 39 42 358 294 450 369
1476	239247	81	190 608 34 132 516 274 241 211 212 609 358 294 450 369 23 39 153 37
1476	119227	81	358 294 450 369 9 36 34 356 355 37
1356	24741	81	55 84 55 432 88 1294 907 42 560 1411 347 1230 4 1875 358 342
1475	135429	81	0 848 211 212 100 4 358 294 450 369 43 40 175 84 55 67
1476	77293	81	205 19 356 355 129 132 4 358 294 450 369
1476	220411	81	154 358 4 358 294 450 369 205 19 39 153
1475	67758	81	358 294 450 369 43 40 84 55 67 20
1353	75218	81	43 40 507 508 252 297
1476	235354	81	90 417 4 154 358 43 40 356 355
1476	30404	81	154 41 41 44 90 417 43 40 356 355
1475	178579	81	0 4 358 294 450 369 43 40 797 645 84 67
1356	22266	81	154 358 41 44 62 97 48
1475	182972	81	412 411 4 358 294 450 369 43 40 175 84 67
1476	118940	81	90 417 4 358 294 450 369 9 23 39 153 37
1475	178286	81	121 103 358 294 450 369 84 55 67
2006	51007	81	644 819 452 453 16 5 43 40 496
1475	218422	81	0 43 40 48 17 42 442 294 358 294 450 369
1476	6510	81	43 40 39 153 154 358 4 358 294 450 369
1476	206020	81	129 132 154 358 4 358 294 450 369 39 17 42 67 43 40 234
1476	158200	81	43 40 39 42 34 132 4 358 294 41 44
1476	62950	81	0 90 417 4 358 294 41 44 1561 1228 2105 39 153
1476	131047	81	90 417 4 358 294 139 44 43 40 39 153
1476	137923	81	90 417 67 358 294 450 369 43 40 39 153 221
1475	4447	81	43 40 48 17 42 0 4 358 294 450 369 67
1475	84152	81	0 357 294 4 358 294 450 369 139 44 65 84 67
1476	169222	81	765 127 43 40 101 39 129 132 358 294 450 369
1476	189495	81	121 103 43 40 23 39 153 358 294 450 369
1476	14467	81	43 40 101 39 129 132 4 358 294 450 369
1476	162637	81	358 294 651 899 12 90 662 525 23 39 153 221 37
2007	197521	81	0 4 1749 358 644 819 452 453 144 147 330 223 543 328 67 12 18 51 40 9 84 55 153 355
1476	220634	81	99 39 153 240 1579 1622 1391 358 294 450 369
1476	41637	81	154 358 4 41 44 90 417 43 40 356 355
1475	173345	81	0 357 294 4 358 294 450 369 797 645 84 55 67
1476	65525	81	99 32 1 31 12 1 456 222 0 60 4 139 44 92 0 336 90 67 43 40 234
1476	146343	81	154 358 4 26 90 992 23 356 355 37
2006	6419	81	154 358 97 65 55 452 453 408 191
1476	38332	81	154 358 450 369 205 19 356 355
2006	232027	81	18 51 40 644 819 12 9 17 23 106 335 452 453
1476	159059	81	90 417 4 358 294 450 369 36 34 356 355 37
1476	75311	81	39 153 92 90 358 294 450 369
1476	85157	81	17 543 446 90 662 67 32 104 358 294 450 369
2006	215169	81	62 97 452 453 644 819
1476	119986	81	0 848 195 26 4 358 294 41 44 84 55 67 12 550 0 39 153
1475	162939	81	43 40 48 17 42 129 132 4 358 294 450 369
1476	171424	81	96 912 358 294 450 369 39 153
1475	60302	81	0 379 45 516 32 1 4 41 44 1204 55 67
1476	173005	81	205 19 101 39 129 132 4 358 294 450 369
1476	230856	81	195 26 39 0 358 294 139 44 12 17 543 446 90 417 67 12 43 40 39 153 280
1476	48828	81	358 294 450 369 336 90 417 12 205 19 39 153
1476	181760	81	34 132 4 358 294 450 369 9 23 39 42 37
1476	243387	81	357 294 4 358 294 450 369 23 39 42 37
2006	77682	81	644 819 67 17 197 452 453
1476	9564	81	0 4 358 294 450 369 43 40 39
1476	56830	81	129 132 4 358 294 450 369 43 40 39
1475	230082	81	154 358 65 25 4 450 369 43 40 84 67
1475	244355	81	34 132 4 358 294 450 369 18 51 40 84 55 67
1476	16228	81	39 153 90 67 4 14 15 358 294 450 369
1356	118193	81	1875 358 62 97 190
1475	11557	81	84 55 129 132 534 533 26 4 358 294 450 369 992
1475	31552	81	18 51 40 1169 117 4 139 44 450 369 175 84 55 67
1476	158798	81	43 40 39 153 0 90 417 4 358 294 450 369 101 48
2006	108149	81	154 358 667 25 4 452 453 408 191 62 97 65
1476	226658	81	205 19 39 153 34 132 4 358 294 450 369
1476	158820	81	43 40 48 96 912 358 294 450 369
1476	147197	81	0 154 358 92 336 90 67 12 43 40 356 355
1475	103263	81	99 103 0 516 48 1 4 358 294 450 369 43 40 84 55 67
1475	35614	81	11 2 317 369 84 55 358 294 450 369
1476	94525	81	358 294 41 44 92 90 417 205 19 356 355
1476	52301	81	358 294 450 369 90 417 43 40 39 153
1476	106215	81	43 40 39 153 90 417 4 358 294 450 369 20
1475	119581	81	84 55 34 132 4 358 294 450 369 67
1475	36032	81	22 433 16 18 51 40 84 55 358 294 450 369
1353	185070	81	252 297 507 508
1476	129320	81	90 417 4 358 294 450 369 43 40 101 39
1475	214535	81	0 4 358 294 450 369 18 196 84 55 67
1476	88069	81	23 39 153 358 294 450 369 37
1476	49414	81	43 40 36 34 39 42 129 132 4 358 294 450 369
1476	164614	81	43 40 39 17 42 358 294 450 369
2004	143479	81	644 819 127 29 326
1476	148971	81	154 358 294 450 369 92 90 43 40 356 355
2004	177280	81	18 51 40 0 4 14 15 154 358 9 64 92 644 819
1353	182064	81	252 297 22 24 36 34 507 508 37
1476	145936	81	129 132 62 14 15 163 259 16 4 358 294 450 369 17 543 446 90 662 67 12 43 40 39 153 221
1476	155063	81	121 103 358 294 450 369 39 17 153 221 67 12 43 40 234 20
1476	83499	81	305 347 84 22 67 797 645 267 347 21 193 32 1 31 358 294 450 369 84 55 67
1476	136031	81	43 40 48 129 132 358 294 450 369
1476	226040	81	983 39 129 132 4 358 294 450 369
1476	144827	81	765 12 0 357 294 4 358 294 450 369 43 40 39 153 221
1475	21758	81	34 132 4 358 294 450 369 39 17 42 67
2004	240277	81	350 93 644 819 29 544 328 123 343 417
1475	145524	81	18 51 40 0 4 358 294 450 369 175 84 55 67 20
1475	98073	81	154 358 450 369 43 40 84 55 67
1476	131118	81	205 19 39 153 129 132 4 358 294 450 369 67
1476	110485	81	358 294 450 369 39 17 42
1476	166678	81	0 516 195 26 4 358 294 450 369 62 97 65 39
1476	96800	81	358 294 41 44 205 19 356 355
1476	138480	81	358 294 450 369 90 662 43 40 39 153 221
1476	31028	81	92 90 417 4 358 294 450 369 205 19 39 153 221
1475	89374	81	0 129 132 4 358 294 450 369 43 40 84 55 67 20
1475	26263	81	18 51 40 0 357 294 4 358 294 450 369 175 84 67
2006	210882	81	154 358 452 453 408 191 62 97 65
1353	240211	81	0 23 507 508 466 41 226 142 190 1 253 4 147 272 26 37 13 241 52 175 64 27 1 3 12 441 1617 336 313
1476	101853	81	43 40 39 296 137 4 1 3 358 294 450 369
1475	71345	81	358 294 450 369 43 40 797 645 84 67
1475	214925	81	129 132 4 358 294 450 369 17 509 67
1476	221595	81	0 4 358 294 450 369 43 40 17 509 67 12 43 40 39 153
1476	138055	81	99 39 153 129 132 4 358 294 450 369
1355	162474	81	205 19 133 139 14 15 510 931 139 44 106 204
1475	137776	81	358 294 450 369 43 40 84 1500
1476	249818	81	34 132 4 358 294 450 369 64 62 97 65 39 4 765
1355	140656	81	43 40 133 139 380 41 106 204
1476	160817	81	205 19 101 48 129 132 4 358 294 450 369
1476	152122	81	131 134 534 533 0 4 358 294 450 369 92 0 90 67 12 43 40 39 153 221
2007	162866	81	644 819 452 453 71 5 29 192 328 123
1476	168268	81	34 132 4 1225 24 41 44 90 67 23 356 355 37
1475	211335	81	129 132 516 131 134 358 4 358 294 450 369 84 55 67
1475	51640	81	516 130 128 358 294 450 369 84 55 67
1475	245000	81	14 15 4 358 294 450 369 43 40 48 17 42
1475	209851	81	34 132 222 26 358 294 450 369 43 40 84 55 67
1476	9144	81	0 99 39 42 34 132 4 358 294 450 369
1476	205062	81	34 132 516 195 26 60 4 358 294 450 369 43 40 39 153
1476	12646	81	358 294 4 41 44 205 19 39 153
2006	166468	81	154 358 445 25 4 452 453 408 191 62 97
1476	121308	81	358 294 450 369 90 417 39 153
1476	154398	81	39 153 154 358 358 294 450 369
2006	238374	81	644 819 62 97 452 453
1476	177995	81	0 4 358 294 450 369 97 65 23 39 42
1476	50834	81	205 19 39 42 154 358 450 369
1475	179178	81	0 39 17 42 516 241 4 358 294 450 369 67
2006	39875	81	62 10 23 452 453 343 417 644 819
2007	223357	81	644 819 452 453 29 326 55 85 593
1476	27684	81	17 543 446 90 662 358 294 450 369 12 43 40 39 153 67
1353	43796	81	507 508 66 424 190 26 252 297
1476	78511	81	9 36 34 39 153 358 294 450 369 37
1353	214876	81	452 121 22 24 1247 208 12 507 508 252 297
1476	197043	81	0 99 39 42 129 132 4 1169 117 41 44 142 40 39
2006	90462	81	0 5 452 453 12 17 23 358 294 67
1475	126503	81	0 330 608 503 4 358 294 450 369 43 40 84 67
1476	102774	81	43 40 39 153 144 147 90 417 67 199 358 294 450 369
1476	193012	81	358 294 450 369 43 40 101 39
1476	158173	81	0 848 104 105 358 294 450 369 43 40 84 55 67 304 121 550 0 39 153
1356	77199	81	545 117 57 105 748 1060 324 62 660 162 0 52 1169 117 12 222 324 980 221 17 1160 121 2387 343
1475	67830	81	0 34 132 4 358 294 450 369 39 17 42 67
1476	177845	81	205 19 39 153 129 132 4 358 294 450 369
1476	99020	81	205 19 39 153 154 358 358 294 450 369
1476	32688	81	0 99 103 66 95 43 46 356 355 154 358 450 369 20
1476	72122	81	358 294 450 369 43 40 356 355
1476	178666	81	0 23 39 153 144 132 4 358 294 450 369 37
1475	14731	81	162 211 212 100 335 262 129 525 48 17 42 0 52 129 123 4 98 24
1476	126941	81	0 266 97 65 39 516 195 26 4 358 294 450 369
1476	247215	81	90 417 4 358 294 450 369 43 40 39 153
1475	125981	81	0 305 347 236 67 127 16 25 358 294 450 369 84 55 67
1475	25894	81	43 40 357 294 358 294 450 369 84 55 67
1476	73788	81	205 19 101 33 34 132 4 358 294 450 369
1475	155741	81	154 358 358 294 450 369 55 4 48 17 42
1475	25810	81	358 294 450 369 139 124
1476	152201	81	516 195 26 4 358 294 450 369 90 67 23 39 153 221 37
1476	86390	81	129 132 4 358 294 450 369 43 40 39 17 42 67
1353	198749	81	43 40 109 252 297 139 44 507 508
1475	72193	81	18 51 40 358 294 197 92 90 417
2006	154166	81	533 728 644 819 205 19 452 453
1475	148993	81	18 51 40 358 294 450 369 175 84 67
1476	235869	81	96 912 358 294 450 369 9 23 39 42 37
1475	87544	81	48 17 42 358 294 450 369 67
1476	74603	81	162 195 26 4 358 294 90 417 67 43 40 39 153 221
1355	45464	81	205 19 133 139 1334 794 106 204
2006	17931	81	92 644 819 67 12 0 5 452 453 150 39 17 42 452 453 667 25 667 25
1476	182360	81	266 610 4 358 294 450 369 205 19 101 33
1475	14593	81	55 26 849 0 266 506 212 0 39 17 42 358 294 450 369
1476	134175	81	129 132 848 195 26 4 358 294 450 369 127 23 39 42 37
1353	153296	81	43 40 507 508 1 253 147 272 26
1476	49070	81	358 294 450 369 205 19 39 153 20
1476	175504	81	129 132 4 358 294 450 369 9 23 39 153 221 37
1476	162998	81	0 129 132 90 417 4 358 294 450 369 43 40 23 39 153
1476	174523	81	43 40 23 39 42 34 132 4 358 294 450 369
1476	192953	81	358 294 139 44 450 369 62 97 65 39
1476	158108	81	17 543 446 90 417 67 154 358 450 369 43 40 39 153
1475	134515	81	358 294 450 369 84 55
1475	235347	81	104 407 252 358 294 450 369 43 40 84 67
1475	72576	81	18 51 40 358 294 41 44 450 369 84 55 67
1476	185314	81	0 99 39 153 132 330 190 608 358 294 450 369
1476	159805	81	17 543 446 90 67 358 294 41 44 43 40 356 355
1475	48566	81	162 47 50 49 4 358 294 450 369 43 40 48 17 42 67
1475	174198	81	0 848 104 105 4 358 294 450 369 43 40 175 84 55 67
1355	102961	81	43 40 133 139 154 41 407 404 301 751 106 204
1476	195416	81	99 39 358 294 450 369
1476	136424	81	358 294 450 369 17 509 67 12 62 10 65 39 153 20
2006	154120	81	154 358 445 25 452 453 191 62 97
2006	32412	81	154 358 127 452 453
1355	3381	81	533 728 60 4 41 44 106 108 43 40 133 139
1475	200210	81	0 4 358 294 450 369 797 645 84 67
2006	250782	81	43 40 452 453 644 819
1476	14416	81	208 208 358 294 450 369 39 153
2006	247650	81	43 40 36 34 343 417 644 819
1353	87856	81	43 718 507 508 252 297 131 134 4
1475	114912	81	43 40 0 129 132 516 539 537 358 294 450 369 175 84 55 67
1476	76179	81	18 51 40 195 26 60 222 0 4 41 44 12 39 17 42
1476	181399	81	36 34 39 153 129 132 29 358 294 450 369 84
1476	59171	81	39 17 42 358 294 450 369 67 43 40 234
2006	28315	81	92 644 819 12 84 55 299 1251 12 268 248 452 453
1476	155057	81	0 516 195 26 358 294 450 369 379 45 17 543 446 90 67 12 9 23 39 153 221 37
1476	17924	81	129 132 4 358 294 450 369 43 40 39 153
1475	204594	81	379 103 4 43 40 452 121 386 284 4 12 122 59 129 525 153 221 39 358 294 450 369 135 84 55 67
2006	242578	81	327 222 0 343 417 644 819 12 17 645 525 0 335 4 110 111 207 674 207 67
2006	228194	81	92 644 819 12 268 248 452 453
2004	35253	81	644 819 447 572 29 326
2006	95536	81	0 5 452 453 154 358 92 644 819
1476	235927	81	154 358 358 294 450 369 39 153
1476	200096	81	129 132 4 358 294 450 369 23 39 153 37
1475	20145	81	0 4 358 294 450 369 43 40 84 55 67
1475	90092	81	0 357 294 4 358 294 450 369 84 55 67
1476	72368	81	0 17 543 446 109 358 294 450 369 90 67 12 43 40 39 153 221
1476	26982	81	0 129 132 4 358 294 450 369 39 17 817 67
1476	72747	81	0 99 39 42 81 221 4 358 294 450 369
1476	164477	81	39 153 129 132 4 358 294 450 369
1475	118655	81	358 294 450 369 84 55 12 129 132 358 294 450 369 43 40 48
1476	58900	81	36 34 356 355 358 294 450 369 37
1476	191270	81	0 5 101 39 266 610 4 358 294 450 369
1475	60574	81	43 40 48 17 42 358 294 450 369
1476	54419	81	34 132 4 358 294 450 369 23 39 153 221 37
2004	236103	81	29 326 197 343 644 819
2006	162699	81	154 358 667 25 84 55 452 453 408 191
1356	73336	81	154 358 43 40 166 108 62 660
1476	10328	81	154 358 41 44 23 39 153 37
1476	96991	81	0 154 358 41 44 17 543 446 90 67 43 40 39 153
1476	121918	81	205 19 39 153 357 294 358 294 450 369
2006	160868	81	92 644 819 67 268 248 452 453
2004	225043	81	66 1176 36 23 819 633 17 526 135 92 644 819 12 10 19 328 343 417
1356	232466	81	43 40 182 408 10 190 51 40 1875 358
1475	144767	81	848 252 297 4 358 294 450 369 43 40 84 221
1476	31367	81	99 39 153 358 294 450 369
1476	152157	81	0 9 36 34 39 153 129 132 4 358 294 450 369 37
1475	175479	81	235 294 4 358 294 450 369 235 84 55 67
1476	129452	81	62 97 65 39 42 358 294 450 369
1476	34580	81	507 508 4 358 294 12 43 40 39 153 221
1476	221993	81	205 19 39 42 0 129 132 4 358 294 450 369
1476	124432	81	358 294 450 369 90 417 67 9 23 39 153 221 37
1476	251596	81	43 40 39 153 34 132 4 358 294 41 44
1355	225777	81	43 46 133 139 510 931 106 204
1475	15162	81	0 34 132 358 294 450 369 17 509 67
1476	153925	81	132 294 4 62 660 358 294 450 369 43 40 39
2007	68789	81	0 4 14 15 54 92 644 819 67 12 144 147 452 453 51 40 328 367 23 343 388
1476	26164	81	98 100 4 358 294 450 369 62 97 65 39
1476	120842	81	17 543 446 90 67 358 294 900 43 40 39 153
1475	150331	81	0 358 294 450 369 175 84 67 12 43 40 153 313
2007	218696	81	92 644 819 67 452 453 19 328 45 23 155 151
1476	206360	81	205 19 101 48 129 132 358 294 450 369
1476	223613	81	358 294 450 369 90 67 12 9 23 39 153 37
1476	85312	81	43 40 45 23 39 153 1484 147 4 358 294 450 369
1476	102059	81	358 294 450 369 90 67 205 19 356 355
1475	203548	81	0 4 358 294 450 369 43 40 84 55 221
2006	67647	81	0 5 452 453 92 644 819
1476	148100	81	43 40 39 42 129 132 358 294
1475	142491	81	358 294 450 369 43 40 197 141 368 483 417 20
1475	220200	81	129 132 4 358 294 450 369 175 84 55 67
1475	174229	81	0 34 132 4 358 294 450 369 43 40 84 55 67
1476	231002	81	90 417 525 4 358 294 450 369 43 40 39 153
1476	189283	81	90 417 4 358 294 23 39 153 37
1476	10006	81	205 19 101 39 96 912 358 294 450 369
2006	163962	81	154 358 445 25 452 453 408 191 62 97
1476	216432	81	358 294 450 369 17 509 67 266 97 65 39 153
1476	79839	81	0 154 358 450 369 92 336 90 67 12 43 40 356 355
1476	156663	81	39 17 42 34 132 4 358 294 450 369
1476	109881	81	39 153 173 55 4 358 294 450 369
1476	25349	81	0 129 132 4 358 294 450 369 17 509 67 12 43 46 36 34 39 153
1476	183127	81	129 132 4 358 294 450 369 9 36 34 39 153 37
1476	183142	81	34 132 358 294 450 369 23 39 153 221 37
1476	91216	81	121 103 5 43 40 39 153 34 132 4 358 294 450 369
1475	87109	81	0 132 73 294 516 195 26 4 14 15 358 294 450 369 141 368 84 67
1476	39783	81	129 132 516 131 134 358 294 97 424 450 369 17 543 446 90 417 67 12 43 40 39 153 221
1476	6382	81	358 294 450 369 0 99 39 153
1476	180998	81	43 40 39 153 90 417 358 294 450 369
1353	124602	81	441 29 252 297 21 22 24 221 67 43 40 522 110
2007	141557	81	0 4 32 1 154 358 92 644 819 67 12 18 51 40 452 453 67 330 223 543 328 84 55 153 355
1476	250073	81	358 294 450 369 36 34 39 153 221 37
1476	155251	81	205 19 356 355 154 358 358 294 450 369
1476	156623	81	0 5 39 153 358 294 450 369 43 40 39 153
1475	135815	81	0 357 294 4 358 294 450 369 43 40 175 84 55 67
1353	170031	81	507 508 252 297
1475	97027	81	43 40 358 294 450 369 84 55 67
1476	199548	81	62 142 16 25 4 358 294 450 369 43 40 39 153 221
2006	141729	81	154 358 445 25 1378 60 4 452 453 408 191 62 97
1475	197855	81	0 129 132 4 358 294 450 369 20
1476	73623	81	0 848 195 26 4 358 294 450 369 36 34 39 42 40
1475	151761	81	2049 1182 1408 1016 127 4 358 294 450 369 84 55 67
1476	53941	81	109 154 358 41 44 90 417 67 205 19 356 355
1476	224139	81	550 0 39 358 294 450 369
1476	97403	81	90 417 4 358 294 450 369 23 39 153 37
1475	185576	81	0 137 16 4 358 294 450 369 43 40 84 55 67
1476	136554	81	358 294 450 369 90 417 67 43 40 39 153
1476	158857	81	162 1 582 358 294 450 369 43 40 39 153
1476	235857	81	358 294 450 369 84 55 67 43 40 39
1476	155054	81	0 99 39 12 358 294 450 369
1475	75836	81	154 358 17 166 108 358 294 450 369
1476	239690	81	205 19 39 42 129 132 4 358 294 450 369
1476	180062	81	358 294 450 369 48 17 42 67 127 36 34 39 153 37
1476	98487	81	0 99 101 39 34 132 4 358 294 450 369
1475	53670	81	0 848 195 26 4 358 294 450 369 43 40 84 55 67
1476	198157	81	0 99 39 66 95 0 129 132 4 358 294 450 369
1476	210208	81	34 132 358 294 450 369 43 40 39 153
1476	43132	81	0 4 358 294 450 369 92 90 417 67 127 23 39 153 37
1475	12407	81	135 64 0 14 15 848 1329 104 358 294 450 369 84 55 67 12 64 43 40 153 313
1476	227574	81	516 104 105 358 294 450 369 17 543 446 90 67 12 62 97 65 36 34 39 153
1475	53890	81	121 103 18 51 40 0 4 358 294 450 369 197 139 124
1475	197761	81	98 100 358 294 450 369 48 17 42
1476	102407	81	39 17 42 358 294 41 44
1475	11111	81	0 4 358 294 450 369 18 51 40 175 84 55 67
2006	247049	81	452 453 154 358 644 819
1353	90593	81	0 99 507 508 252 297
2006	184507	81	533 728 644 819 12 205 19 452 453
1475	128256	81	18 51 40 0 34 132 516 104 105 358 294 4 450 369 84 55 67
1476	53169	81	129 132 4 358 294 98 24 92 90 417 67 23 550 0 39 153 221 574
1476	19425	81	36 34 39 153 358 294 450 369 37
1475	3392	81	43 40 0 34 132 162 195 26 4 358 294 450 369 84 55 67
1476	241972	81	43 46 45 23 39 153 358 294 450 369
1476	100698	81	358 294 450 369 90 67 9 23 39 153 221 37
1475	224801	81	0 357 294 4 358 294 450 369 43 40 84 55 67 20
1475	93466	81	0 129 132 4 358 294 450 369 43 40 84 67
1476	128647	81	121 103 90 417 4 358 294 450 369 43 40 39 153 280
2006	55961	81	14 15 335 537 644 819 4 452 453 408 191 62 97 65
1475	60904	81	18 51 40 516 195 26 4 358 294 450 369 84 55 67
1475	3413	81	48 17 42 358 294 450 369
1475	30149	81	0 516 241 52 4 358 294 450 369 43 40 84 55 67
1476	93445	81	358 294 450 369 62 97 23 39 42
1353	44834	81	43 40 45 23 507 508 252 297
1475	171035	81	18 196 358 294 450 369 84 67
1476	58600	81	55 190 32 105 848 0 534 533 67 32 1 12 150 64 0 17 543 446 109 358 294 41 44 90 662 67 149 43 40 39 153
1476	56178	81	0 925 273 67 14 15 163 259 761 271 271 499 172 637 67 12 65 25 4 358 294 450 369 175 84 67 43 40 356 355
1476	208369	81	43 40 39 153 1047 124 4 358 294 450 369
2006	84307	81	533 728 644 819 12 268 248 452 453
1475	54222	81	0 357 638 4 358 294 450 369 43 40 84 55 67
1475	45525	81	18 51 40 129 132 358 294 450 369 84 67
2006	230953	81	154 358 445 25 84 55 452 397 408 191
1476	90681	81	205 19 39 42 34 132 4 358 294 450 369
2006	18458	81	533 728 644 819 452 453
1475	193600	81	18 51 40 0 4 358 294 450 369 127 1095 66 294 135 84 55 67
1476	4125	81	90 417 358 294 450 369 43 40 45 23 39 153 221
1476	116745	81	516 195 26 4 358 294 797 645 84 55 67 12 43 40 39 153
1476	139627	81	92 90 417 358 294 450 369 12 43 40 39 153 221
1355	207708	81	1170 1346 84 55 41 44 276 64 166 108 344 68 12 412 21 193 300 445 175 197 106 204 13 43 40 133 139
1475	242086	81	62 139 44 65 48 17 42 197 24 280 13 34 132 23 48 42 12 43 40 153 313
1475	115443	81	18 51 40 300 445 822 358 294 450 369 84 55
1475	170447	81	516 195 26 4 358 294 450 369 251 84 67 64 43 40 153 313
1475	201889	81	0 132 294 4 358 294 450 369 43 40 84 55 67
1475	36211	81	129 132 4 358 294 450 369 43 40 251 84 67
1476	143207	81	23 39 153 358 294 450 369 17
1476	182068	81	43 40 48 129 132 4 358 294 450 369
2006	219069	81	0 92 644 819 67 12 39 17 42 452 453 408 191 280
1476	167812	81	0 99 39 153 132 294 358 294 450 369
1475	182473	81	129 132 4 358 294 450 369 43 40 84 67
1475	28690	81	0 34 132 4 154 358 450 369 43 40 84 55 67
2006	155621	81	205 19 452 453 644 819
1476	608	81	236 67 305 347 12 358 294 450 369 36 34 39 153 37
1475	3099	81	0 379 45 4 358 294 450 369 97 65 266 992
1475	122940	81	197 24 139 44 12 141 136 139 124
1476	147826	81	43 40 48 34 132 4 358 294 450 369
1475	233937	81	0 129 132 4 358 294 450 369 18 196 84 55 67
1476	219694	81	92 90 4 358 294 450 369 23 356 355 37
1476	119896	81	129 132 4 358 294 450 369 17 509 67 12 36 34 39 42 37
1353	50947	81	507 508 252 297 358 294
1475	133132	81	0 129 132 4 358 294 450 369 84 55 67
1476	126492	81	43 40 39 153 129 132 4 41 44 12 358 294 450 369
1475	39381	81	0 10 190 358 294 450 369 175 84 67
1476	45020	81	39 153 92 90 417 4 358 294 450 369
1476	109527	81	0 109 358 294 450 369 90 417 67 43 40 39 153
1475	115726	81	34 132 4 358 294 450 369 84 55 67
1356	32254	81	201 62 358 294 57 51 40
1476	205172	81	129 132 4 358 294 450 369 55 84 55
1475	220734	81	18 51 40 0 4 358 294 450 369 84 55 992
1476	126157	81	43 40 39 153 129 132 4 358 294 450 369 20
1475	194037	81	0 162 211 212 100 358 294 450 369 84 55 67
1355	60044	81	121 103 221 41 44 43 46 133 139 106 108 1334 794
1475	145880	81	358 294 450 369 175 84 67
1353	26129	81	43 46 36 34 507 508 252 297 22 24
1475	191549	81	18 51 40 442 294 4 358 294 450 369 84 55 67
1476	55676	81	0 132 73 294 848 195 26 4 358 294 450 369 36 34 39 42 37
1476	14281	81	43 40 23 39 42 848 609 143 4 358 294 450 369
1353	132749	81	205 19 507 508 41 44
1353	180190	81	121 103 0 99 507 508 1349 190 277 305 1 147 272 26 4 41 44 12 506 43 40 496
1476	153198	81	0 99 39 66 95 330 329 333 15 974 333 329 974 330 15 4 358 294 450 369 12 36 34 37
1475	203291	81	162 104 105 4 358 294 450 369 97 266 67
1475	131882	81	0 84 55 290 678 18 19 129 132 4 358 294 450 369 84 55 67
1475	27315	81	358 294 450 369 235 84 55 67
2004	44226	81	644 819 71 5 29 326
1476	22164	81	358 294 450 369 84 55 67 43 40 39 153 221
1475	144997	81	0 4 358 294 450 369 20
1475	132268	81	0 357 294 4 358 294 450 369 84 67
2006	179891	81	18 51 40 0 197 92 644 819 12 62 97 65 452 453
1475	4522	81	18 51 40 358 294 450 369 84 55 67 10
1353	35343	81	43 46 507 508 252 297 22 24
1476	217602	81	154 358 358 294 450 369 356 355
1476	52584	81	39 358 294 450 369 62 97 39
1475	49449	81	0 139 44 65 25 4 358 294 450 369 43 40 84 55 67
1476	241018	81	43 40 266 39 42 34 132 4 358 294 450 369
1476	73996	81	358 294 450 369 23 39 153 37
1476	204138	81	154 358 450 369 90 67 43 40 356 355
1476	112628	81	358 294 450 369 90 662 67 36 34 39 153 221 574
1476	58708	81	39 153 290 678 58 54 4 4 358 294 450 369
1476	11689	81	195 26 222 0 60 4 358 294 41 44 92 0 17 543 446 90 67 23 17 23 39 153 221
1476	224463	81	129 132 90 417 4 358 294 450 369 36 34 39 153 37
1475	21733	81	358 294 450 369 43 40 84 55
1476	132160	81	154 358 90 67 43 40 356 355
2007	37326	81	644 819 452 453 330 223 67 12 9 64 84 343 417
1476	10971	81	48 129 132 4 358 294 450 369
1476	217061	81	0 99 39 66 95 862 190 608 132 4 358 294 450 369
1476	163772	81	0 4 358 294 450 369 17 62 67 12 43 40 39 153
1476	172086	81	23 39 42 34 132 358 294 450 369 37
1476	67248	81	43 40 36 34 39 153 154 358 358 294 450 369
1475	60252	81	0 129 132 4 358 294 450 369 43 40 84 55 67
2006	123950	81	154 358 43 40 452 453
1476	108672	81	205 19 101 39 358 294 41 44
1476	14551	81	129 132 4 358 294 450 369 39 199 42 37
1475	36603	81	516 195 26 358 294 450 369 43 40 17 509 67
1475	102655	81	358 294 450 369 62 97 65
1475	233448	81	0 34 132 4 358 294 450 369 20
1476	93488	81	43 40 109 144 147 90 67 4 358 294 450 369 39 153 221
1475	142800	81	0 48 17 42 358 294 450 369 67
1475	155804	81	357 294 4 359 143 358 294 450 369 18 51 40 84 55 67
1476	222897	81	358 294 450 369 205 19 39 153
1353	277	81	36 34 507 508 455 143 1 171 253 252 297 37
1476	187105	81	205 19 356 355 154 358 450 369
2006	19054	81	92 644 819 12 205 19 452 453
1476	239455	81	11 2 172 637 67 12 358 294 450 369 43 40 39 153
1476	100647	81	358 294 450 369 90 662 9 23 39 153 37
1476	49971	81	848 195 26 4 358 294 450 369 127 23 39 42 37
1475	51117	81	358 294 450 369 495 157 179 67
1475	88768	81	0 34 132 4 41 44 12 358 294 450 369 499 84 67
1476	62945	81	154 358 41 44 90 417 67 43 40 356 355
1475	115868	81	0 4 358 294 450 369 235 84 67
1476	56592	81	205 19 101 39 358 294 450 369
1476	41382	81	90 417 4 358 294 450 369 43 46 39 153
1476	175681	81	0 99 39 153 0 4 358 294 450 369
1475	148718	81	81 221 4 358 294 41 44 43 40 92 90 417 67
1476	76054	81	121 103 43 40 36 34 39 153 358 294 450 369
1476	87889	81	358 294 450 369 90 67 23 39 153 37
1476	112572	81	90 417 4 358 294 450 369 12 43 40 39 153 221
1475	72670	81	18 51 40 0 357 294 4 358 294 450 369 84 55 67
1475	223885	81	357 294 4 358 294 450 369 43 40 84 67
1476	156111	81	205 19 39 153 358 294 41 44
1475	65526	81	358 294 450 369 17 509 67
2006	188021	81	644 819 67 17 23 452 453 43 40 153 313
1476	196559	81	144 147 90 417 4 358 294 450 369 43 40 39 153
1475	42912	81	358 294 450 369 43 40 84 67 20
2006	9918	81	43 46 644 819 452 453
2006	208294	81	154 358 60 17 59 266 139 44 12 9 268 248 452 453 12 84 55 452 453 408 191
2006	187231	81	154 358 445 25 39 17 42 452 453
1476	158062	81	358 294 450 369 97 65 39
1475	59704	81	0 228 328 4 358 294 450 369 43 40 175 17 62 67 12 0 499 84 55 90 417
1475	44356	81	358 294 667 25 84 55 450 369
1475	50267	81	129 132 4 32 1 358 294 41 44 43 40 101 17 42 67
1476	168969	81	141 136 4 358 294 41 44 23 39 153 221 37
1475	107168	81	0 132 66 294 60 4 154 358 17 509 67
2006	64447	81	806 1123 534 533 29 143 1 456 12 92 533 728 644 819 205 19 356 355
1475	39872	81	0 4 358 294 450 369 84 67
1476	59357	81	43 46 39 42 358 294 450 369
1476	34977	81	516 195 26 358 294 450 369 90 417 43 40 39 153
1353	151268	81	43 46 507 508 252 297 426 425 22 24
1355	98216	81	205 19 133 139 139 44 106 204
1475	245368	81	0 357 294 4 358 294 450 369 43 40 84 55 67
1353	39477	81	43 40 9 55 252 297 21 22 24
1476	163604	81	43 40 101 39 154 358 358 294 450 369
1476	76245	81	90 417 4 358 294 450 369 43 40 356 355
1476	211959	81	358 294 450 369 90 417 67 43 40 39 153 221
1353	1794	81	379 144 290 289 12 252 297 22 24 441 29 12 205 19 507 508
1475	209612	81	358 294 450 369 43 40 17 509 67
1476	14890	81	43 40 39 153 358 294 450 369 41 44
1476	235825	81	358 294 450 369 17 543 446 90 417 67 43 40 39 153
1475	85641	81	0 379 516 104 407 358 294 4 450 369 43 40 84 67
1476	47146	81	266 610 4 358 294 450 369 43 40 39 153
1476	179420	81	90 417 358 294 450 369 43 40 39 153
1475	205627	81	0 358 294 450 369 84 55 90 662 43 40 39 17 42 67
1475	169607	81	18 51 40 357 294 358 294 450 369 84 55 67
1476	125212	81	43 40 48 132 73 294 4 358 294 450 369
1475	16459	81	43 40 358 294 450 369 175 84 67
1355	239714	81	43 40 133 139 47 50 41 44 380 41 106 204
1475	87584	81	0 516 1 582 4 358 294 450 369 43 40 84 55 67
2004	208000	81	533 728 644 819 5 29 544 328 123 45 23 356 355
1476	142372	81	0 71 5 39 42 92 90 662 4 98 24 41 44
1355	27178	81	43 40 267 662 139 44 106 204 4 1334 794
1476	193087	81	0 90 417 67 358 294 450 369 319 43 40 39 153
1476	98375	81	358 294 450 369 90 67 34 525 43 40 39 153
1476	191805	81	43 40 39 42 129 132 4 358 294 450 369
1476	128013	81	62 14 15 1324 42 861 252 297 12 0 99 39 153 129 132 4 358 294 450 369
1476	47642	81	43 40 39 42 34 132 4 358 294 450 369
1476	8035	81	334 610 132 4 358 294 450 369 23 39 153 37
2006	139697	81	644 819 452 453 62 97 65
1476	17264	81	23 17 23 356 355 34 132 4 358 294 450 369
1476	34096	81	205 19 39 153 144 147 90 417 4 358 294 450 369
1475	201310	81	18 51 40 0 4 358 294 450 369 84
1476	102178	81	356 355 154 358 450 369
1476	203067	81	0 5 39 153 358 294 450 369
1475	11273	81	358 294 450 369 797 645 84 67
2006	152244	81	644 819 12 43 40 452 453
1475	41269	81	0 129 132 4 358 294 450 369 43 40 175 84 175 84 55 67 20
1476	76722	81	0 99 356 355 0 4 154 358 358 294 450 369
1476	215076	81	358 294 450 369 90 662 43 40 356 355
1356	94537	81	43 40 301 408 154 358
1476	26457	81	0 109 0 516 26 143 358 294 450 369 175 90 67 43 40 39 153
1475	105513	81	0 142 129 132 14 15 163 259 358 294 450 369 521 2 398 43 40 39 17 42 67
1355	56445	81	133 139 130 128 303 415 106 204
1476	132045	81	23 109 90 417 662 4 358 294 41 44 39 59 221 37
1476	245022	81	0 358 294 450 369 90 67 12 43 40 39 153
1355	95796	81	43 40 133 139 14 15 510 931 139 44 106 204
1476	49780	81	129 132 62 142 16 25 32 67 190 1 31 55 358 294 450 369 43 40 39 153 221
1475	75245	81	39 17 42 358 294 450 369 67
2004	175883	81	644 819 51 40 328 367 343 417 12 121 222 190 474 473 328 123
1476	191219	81	43 40 39 153 358 294 41 44
1475	154901	81	0 4 139 44 65 358 294 450 369 235 84 55 67
1355	116859	81	205 19 133 139 816 159 41 44 106 204
1476	192358	81	0 99 39 129 132 4 358 294 450 369 12 0 17 543 446 90 417 67
1475	178422	81	516 195 26 4 358 294 450 369 39 17 42 67
1475	131816	81	0 84 55 317 451 12 18 51 40 81 221 358 294 450 369 84 55 67
1356	67575	81	300 194 154 358
1356	75099	81	660 16 1169 117
1475	92829	81	0 129 132 848 131 134 358 294 450 369 43 40 92 90 417 67
1475	15511	81	18 196 358 294 450 369 141 368 84 55 67
1476	81892	81	0 23 39 42 0 129 132 4 358 294 450 369 37
1353	142695	81	205 19 507 508 252 297
1476	123606	81	121 103 324 23 550 0 39 153 34 132 4 173 34 358 294 450 369 37
1476	245233	81	139 44 900 358 294 450 369 90 417 127 645 525 43 40 39 153 221
1476	82265	81	17 543 446 90 417 67 848 104 105 4 358 294 450 369 43 40 109 104 105 39 153 221
1476	181736	81	154 358 41 44 92 90 67 43 40 234
1476	183757	81	129 132 4 358 294 450 369 97 65 36 34 11 2 39 42
1476	82744	81	205 19 39 153 90 662 4 358 294 450 369
1476	224543	81	34 132 4 358 294 450 369 43 40 84 55 67
2006	90558	81	62 97 65 452 453 644 819
1475	245743	81	18 51 40 516 131 134 154 41 94 24 17 166 108 358 294 450 369
1476	92796	81	0 34 132 4 358 294 450 369 43 40 39
1475	175981	81	18 51 40 848 195 26 4 358 294 450 369 84 55 67
1475	82117	81	18 51 40 0 4 358 294 450 369 84 67
1355	74615	81	43 40 133 139 816 159 106 204
1475	96417	81	0 4 358 294 450 369 43 40 175 84 55 67 20
1475	20335	81	267 290 104 105 358 294 450 369 84 55 67
1475	110078	81	0 18 51 40 48 17 509 516 195 26 4 358 294 450 369
1476	215985	81	23 17 23 550 0 39 153 0 81 221 4 358 294 450 369
1476	153372	81	43 40 101 48 0 34 132 516 554 143 4 358 294 450 369
1475	207612	81	610 4 358 294 450 369 43 40 84 55
2006	2168	81	39 17 42 154 358 445 25 4 452 397 408 191 62 97 65
1476	95959	81	358 294 450 369 4 39 153
1476	219803	81	43 40 356 355 358 294 450 369
2004	127113	81	644 819 29 326 23 356 355
1476	20709	81	205 19 39 42 129 132 358 294 450 369
1475	47514	81	43 40 358 294 41 44 450 369 175 84 55 67
1476	107791	81	154 358 450 369 43 40 39 153
1353	162309	81	0 36 34 522 110 507 508 1 253 147 272 26 4 139 44 40
1475	213778	81	18 51 40 0 4 358 294 450 369 175 84 55 67
1476	244262	81	43 40 356 355 358 294 41 44
1475	140153	81	18 51 40 0 4 534 533 358 294 450 369 84 55 67
1476	105523	81	39 153 144 90 417 4 358 294 450 369
1476	176898	81	0 4 358 294 450 369 266 97 65 39
1476	43421	81	129 132 32 1 4 358 294 450 369 17 23 48 37
1475	21991	81	358 294 450 369 43 40 48 17 42 67
1476	51555	81	0 99 356 355 358 294 450 369
1475	99131	81	139 44 358 294 450 369 43 40 84 67
1476	44681	81	43 40 39 153 34 132 4 358 294 450 369
1476	180306	81	43 40 39 153 34 132 358 294 450 369
1475	18970	81	0 358 294 450 369 84 67
1476	81225	81	43 40 39 129 132 4 358 294 450 369
1476	201992	81	358 294 139 44 1506 25 90 67 149 43 40 39 153
1476	33461	81	205 19 39 153 90 417 67 4 358 294 450 369
1475	27312	81	358 294 450 369 251 84 67
1475	224102	81	17 23 358 294 17 166 108 450 369 280
2006	18581	81	154 358 445 25 43 40 1378 60 452 453 408 191
1475	15330	81	43 40 358 294 450 369 797 645 84 55 992
1475	49620	81	34 132 4 358 294 450 369 43 40 175 84 67
1476	99747	81	43 40 39 153 81 221 4 358 294 450 369
1475	237594	81	81 245 4 358 294 450 369 43 40 84 55 67 149 64 51 40 630 629 294 450 369 43 40 84 55 67 149 64 51 40 630 629
1476	206190	81	0 48 4 1440 75 2394 233 4 1 3 41 44 127 201 62 39 17 42 358 294 450 369 127 43 40 234
1476	244245	81	43 40 39 153 90 662 4 358 294 450 369
1475	180816	81	0 60 63 4 59 32 1 322 358 294 450 369 43 40 84 55 67
1476	164513	81	358 294 450 369 62 97 39 153
1475	90672	81	18 51 40 358 294 450 369 797 645 84 55 67
1476	170489	81	0 99 39 129 132 4 358 294 450 369
1476	224261	81	23 550 0 356 355 129 132 4 358 294 450 369 37
1475	15512	81	0 129 132 358 294 4 450 369 43 40 84 55 67
1476	18749	81	154 358 139 44 336 90 205 19 356 355
1476	42942	81	358 294 4 41 44 17 509 67
2004	130594	81	644 819 29 544 328 123 356 355
1476	101318	81	0 39 17 42 162 252 297 4 358 294 450 369 67
1476	210306	81	358 294 90 417 43 40 356 355
1476	9268	81	240 243 4 358 294 450 369 17 509 67 12 43 40 39
1476	130053	81	358 294 41 44 90 417 525 205 19 39 153
2006	145781	81	18 51 92 644 819 9 452 453 17 67
1476	222858	81	0 129 132 4 358 294 450 369 43 40 39 153
1475	3386	81	18 51 40 516 506 212 4 26 198 358 294 450 369 197 84 662
1355	17247	81	43 46 267 269 139 44 106 204
1475	132100	81	0 39 17 42 129 132 4 358 294 450 369 67
2006	170439	81	806 1123 324 62 358 294 8 884 252 36 23 552 62 17 526 819 485 12 18 67 274 241 57 105 4 57 105 473 250 12 324 92 533 728 644 819 12 205 55 325 103 12 121 78 555 154 358 445 25 1378 60 4 452 453 408 191 301 485 452 453 12 324 452 453 525
1476	85904	81	358 294 139 44 92 90 67 12 43 40 39 153
1475	251169	81	129 132 358 294 450 369 43 40 84 55 67
1475	17383	81	121 103 0 43 40 48 17 509 358 294 450 369 67
1476	230712	81	43 40 101 96 912 358 294 450 369
1475	164677	81	18 51 40 0 4 358 294 450 369 17 509 67
1475	15619	81	18 51 40 0 129 132 4 358 294 450 369 84 67
1476	227599	81	0 99 101 39 0 266 610 4 358 294 450 369 55 37
1476	168420	81	205 19 356 355 154 154 358 294 450 369
1475	24501	81	0 266 610 15 608 503 4 358 294 450 369 43 40 84 55 67
1353	7800	81	43 40 507 508 252 297 222 0 21 22 24
1476	37380	81	0 129 132 4 358 294 450 369 9 23 39 153 221 37
1476	242490	81	0 4 358 294 450 369 90 662 67 23 39 153 37
1353	126059	81	43 40 46 45 23 507 508 252 297 426 425
1476	144101	81	358 294 450 369 36 34 356 355 37
1475	127188	81	0 4 358 294 450 369 43 40 175 39 17 42 67 20
1476	110754	81	211 212 49 222 0 60 4 41 44 90 662 67 12 43 40 39 153
1475	140463	81	0 34 132 4 358 294 450 369 43 40 175 84 55 67 20
1476	45796	81	154 358 358 294 450 369 43 40 39 153
1476	204024	81	358 294 450 369 23 39 153 221 37
1476	175876	81	358 294 450 369 127 39 153
1475	139383	81	18 51 40 84 55 358 294 450 369
1476	250372	81	90 662 4 358 294 26 43 40 39 153
1475	223425	81	18 51 40 0 34 132 4 358 294 450 369 48 17 42 67
2006	238045	81	92 533 728 644 819 150 64 84 55 452 453 1124 191
2007	116778	81	0 357 294 505 1254 4 644 819 103 389 12 680 506 182 1090 234 386 4
2006	41131	81	644 819 525 268 248 452 453
1476	91730	81	358 294 450 369 90 417 9 36 356 355 37
2004	83207	81	0 58 54 92 644 819 67 51 40 328 367 343 417
1475	153887	81	0 848 195 26 4 358 294 450 369 43 40 251 84 55 67
1476	165177	81	0 336 90 417 358 294 450 369 67 12 23 39 153 221 37
1476	113119	81	154 358 294 92 90 43 40 356 355
1353	208477	81	252 297 118 21 22 24 43 40 507 508
1476	77117	81	0 34 132 4 358 294 450 369 12 9 23 356 355 37
1475	119284	81	18 51 40 0 4 358 294 450 369 175 48 17 42
2006	102726	81	0 4 154 358 644 819 43 40 452 453
1475	996	81	43 40 0 4 358 294 450 369 84 55 67
1476	221501	81	39 153 358 294 450 369
2006	81999	81	135 64 23 550 0 452 453 95 37 12 0 92 644 819 67
1475	108329	81	0 4 358 294 450 369 10 84 55 67
1476	71176	81	358 294 41 44 43 40 356 355
1476	137832	81	358 294 450 369 101 33
2007	126054	81	452 453 67 29 326 36 34 291 1378 644 819
1475	94437	81	358 294 450 369 18 51 40 84 55 67
1476	59954	81	62 660 358 4 358 294 450 369 84 67
1353	60439	81	144 147 193 685 252 297 1209 425 9 64 55 481 29 252 297 21 22 24
1475	225320	81	142 358 294 450 369 43 40 175 84 55 67
1475	170449	81	357 294 4 358 294 450 369 84 67
1475	160795	81	358 294 450 369 201 62 43 40 141 136 84 662 67
1476	229917	81	0 99 39 66 190 34 132 358 8 4 12 32 1 31 4 26 12 17 543 446 109 0 52 129 123 4 358 294 450 369 90 67 43 40 39 153
1353	213371	81	0 62 14 15 60 63 4 41 44 12 252 297 23 507 508 37
1475	182593	81	0 4 43 40 358 294 450 369 84 55 67
1475	57916	81	17 166 108 358 294 651 899 67
1475	128317	81	0 4 98 24 450 369 43 40 84 67
1476	209268	81	358 294 41 44 23 39 153 221 37
1476	204270	81	358 294 450 369 84 55 67 12 36 34 39 153 37
1475	241416	81	358 294 41 44 92 90 417
2007	95684	81	644 819 452 453 5 29 326
1353	207587	81	249 291 507 508 252 297
1475	129052	81	357 294 4 358 294 450 369 84 55 67
1476	222327	81	358 294 450 369 36 34 39 153 40
1476	134645	81	205 19 983 39 358 294 450 369
1353	44133	81	23 17 23 507 508 252 297
1476	227350	81	43 40 39 42 358 294 450 369
2006	145052	81	154 358 445 25 84 55 452 453 408 191
1476	89142	81	205 19 101 39 34 132 4 358 294 450 369
1475	135428	81	18 19 358 294 450 369 48 17 42
1475	49300	81	17 64 0 99 39 0 848 211 212 4 4 358 294 450 369 43 40 84 55 67
1475	82633	81	18 51 40 154 358 450 369 84 55 67
1476	38708	81	90 417 4 358 294 450 369 205 19 356 355
1475	165847	81	18 51 40 0 48 17 42 358 294 450 369
1353	247302	81	43 40 23 507 508 252 297
1476	4995	81	0 9 36 34 39 153 129 132 0 4 10 424 358 294 450 369 37
1476	70487	81	129 132 4 358 294 450 369 9 23 39 42 37
1475	174658	81	357 294 4 358 294 450 369 18 51 40 139 124
1476	231725	81	23 39 358 294 450 369 37
1475	200045	81	84 55 154 358 4 450 369 67
1475	116677	81	357 294 0 516 276 527 358 294 450 369 84 67
1476	225905	81	34 132 4 358 294 450 369 43 40 39
1476	172408	81	358 294 450 369 62 97 65 39
1475	124298	81	18 51 40 0 357 294 4 358 294 450 369 84 55 67 20
1476	60814	81	99 39 129 132 4 358 294 450 369
1475	65573	81	516 195 26 4 358 294 450 369 43 40 84 55 67
1475	125394	81	358 294 450 369 43 40 197 84 55 67
1476	213889	81	0 99 39 153 358 294 450 369
2006	19860	81	644 819 268 248 452 453
1476	160621	81	358 294 450 369 17 509 67 12 39 17 42 22 24 67 12 43 40 39
1356	852	81	14 15 55 1875 358 37
1476	125234	81	358 294 358 294 450 369 43 40 39 153
1476	177611	81	197 24 43 40 36 34 39 153
1476	65863	81	43 40 101 33 129 132 4 358 294 450 369
1476	155080	81	358 294 41 44 23 356 355 37
2004	69550	81	14 15 154 358 18 51 40 9 62 92 644 819
1476	64502	81	358 294 450 369 41 44 43 40 39 153
2007	138933	81	14 15 154 358 644 819 12 452 453 327 66 410 67 12 84 26 386 127 22 24
1475	157928	81	0 4 358 294 450 369 43 40 175 84 67
2006	62250	81	18 51 40 0 92 644 819 67 0 5 452 453
1476	133795	81	205 19 39 153 81 221 4 358 294 450 369
1476	46148	81	30 537 358 294 450 369 90 417 205 19 39 153
1475	178139	81	28 33 358 294 450 369 43 40 84 55 67
1353	171623	81	0 43 40 507 508 252 297
1475	125665	81	0 129 132 534 533 147 272 26 43 40 39 17 42 358 294 450 369 67
1475	206516	81	0 81 221 4 358 294 450 369 43 40 84 67
2006	176924	81	154 358 343 644 452 453
1475	93406	81	10 0 129 132 4 358 294 450 369 43 40 84 67
2006	56032	81	0 92 644 819 67 12 0 266 452 453 12 235 106 335 17 67
1475	246742	81	848 609 143 534 533 4 358 294 450 369 18 196 84 55 67
1476	73923	81	39 129 132 4 358 294 450 369
1475	57467	81	18 51 40 0 142 190 83 54 4 358 294 450 369 141 368 90 417 662
1476	213761	81	17 543 446 90 417 67 358 294 450 369 12 43 40 39 153 221
2006	32672	81	92 644 819 268 248 452 453
1476	93512	81	0 99 103 103 23 39 153 34 132 0 848 195 26 4 358 294 450 369
1476	141149	81	39 153 132 778 190 608 4 358 294 450 369
1476	80611	81	358 294 1124 191 90 417 67 12 43 40 39 153 221
1353	34525	81	252 297 296 281 118 64 917 42 252 297 4 426 425 12 23 17 23 550 0 53 507 508 67
1355	85932	81	43 40 267 662 139 44 106 204
1476	157508	81	0 379 379 109 10 190 848 0 358 294 4 10 190 26 4 139 44 450 369 222 90 67 9 23 39 42 37
1476	13075	81	358 294 450 369 36 34 39 153 37
1475	220869	81	266 610 0 516 131 134 4 358 294 450 369 43 40 84 55 67
1475	77205	81	0 132 532 294 62 358 294 450 369 43 40 84 55 67
1476	171774	81	205 19 101 33 66 190 608 132 358 294 450 369
1355	102977	81	0 5 133 139 139 44 106 204
1476	169790	81	101 39 358 294 450 369
1476	29950	81	358 294 450 369 84 67 43 40 39 153
1476	212003	81	39 153 144 147 90 417 4 358 294 450 369
1353	252195	81	36 34 507 508 252 297 37
2006	94162	81	0 452 453 17 67 627 139 644 819
1355	181241	81	14 15 510 931 43 40 133 139 106 204
1476	69087	81	39 153 90 417 358 294 450 369
1476	156650	81	43 40 39 81 221 4 358 294 450 369
1476	108961	81	62 53 52 228 478 333 14 610 4 328 367 92 288 8 330 329 329 329 29 687 188 12 66 249 175 352 17 662 12 30 675 917 12 150 64 358 294 450 369 144 147 39 17 42 67
1475	86144	81	0 129 132 4 358 294 450 369 18 51 40 84 55 67
1476	98910	81	132 294 2088 90 516 0 358 294 4 26 9 23 39 153 37
1475	95794	81	358 294 450 369 43 40 84 55 67 149 64 51 40 630 629
1475	189898	81	81 221 358 8 294 4 450 369 43 40 17 509 67
1475	228002	81	358 294 450 369 43 40 139 124 67
1475	163001	81	166 108 17 59 358 294 450 369
1476	228892	81	43 40 39 153 16 66 411 516 1329 104 4 358 294 450 369
1475	186356	81	358 294 450 369 48 17 42
1475	220469	81	18 51 40 358 294 450 369 92 90 417
1356	241997	81	43 46 358 294
1475	110514	81	18 51 40 0 848 195 26 4 358 294 450 369 175 84 67
1476	198136	81	0 516 195 26 4 358 294 450 369 84 55 67 43 40 39 153
1476	151687	81	90 417 4 358 294 139 44 23 39 153 37
1476	239787	81	0 379 45 109 358 294 450 369 90 67 12 36 34 39 153 37
1476	152314	81	0 99 48 0 52 4 358 294 450 369 39 17 42 43 40 234
1475	209275	81	379 0 305 347 797 645 206 0 11 2 317 369 12 55 66 78 358 294 450 369 17 509 67
1475	244045	81	129 132 47 50 450 369 4 358 294 139 44 84 55 67
1476	252283	81	358 294 98 24 900 90 662 67 9 23 39 153 37
1475	160255	81	0 516 1 582 4 358 294 450 369 139 124 67
1476	107878	81	90 417 4 358 294 450 369 36 34 39 153 37
1475	127752	81	358 294 450 369 43 40 175 84 67
2004	63938	81	644 819 452 453 51 40 328 367 45 23 343 417
1476	65802	81	96 912 139 44 43 40 39 153
1476	188518	81	344 608 503 4 358 294 450 369 43 40 39 153
1476	132800	81	90 417 4 358 294 41 44 43 40 39 153 221
1475	76079	81	0 357 294 162 66 190 460 314 4 358 294 450 369 43 40 39 17 42 67
1476	191761	81	0 84 55 90 417 358 294 450 369 12 150 64 0 39 17 42 67 64 476 92 98 100 90 417 67
1476	235108	81	0 99 5 39 153 129 132 4 358 294 450 369
1476	134511	81	144 147 90 417 4 358 294 41 44 23 39 153 221 37
1475	181895	81	0 132 294 4 358 294 450 369 43 40 197 84 55 67
1475	164431	81	358 294 450 369 84 29 326 135 17 509 67
1355	115329	81	55 2 139 44 106 204 133 139
1476	136051	81	516 195 26 358 294 4 41 44 12 84 55 67 43 40 39 153 221
1476	38922	81	66 610 132 4 358 294 450 369 9 23 39 153 221 37
1476	110726	81	90 662 4 358 294 450 369 43 40 39 153 221
1475	37939	81	18 51 40 358 294 450 369 17 166 108
1475	40957	81	358 294 450 369 18 196 84 55 67
1476	88776	81	0 129 132 305 347 236 67 12 109 142 65 47 50 4 358 294 450 369 222 90 67 12 23 356 355 37
1475	18380	81	18 51 40 195 26 516 0 358 294 48 17 42 358 294 450 369
1476	79800	81	23 39 153 0 296 281 333 329 294 4 358 294 450 369 37
2004	232582	81	92 644 819 51 40 328 367 356 355 280
1476	237734	81	0 99 39 153 266 610 4 67 12 358 294 450 369 12 610 525 17 166 108 67
1475	55793	81	0 142 471 4 358 294 450 369 175 84 55 67
1475	49731	81	358 294 450 369 43 40 797 645 84 55 67
2006	157515	81	92 644 819 12 43 40 45 23 452 453 153 221
2004	40289	81	51 40 328 367 356 355 154 358
1476	48081	81	43 46 45 23 39 153 129 132 4 358 294 450 369
1476	232393	81	39 358 294 450 369
1476	5440	81	43 40 39 153 439 608 333 223 54 4 358 294 450 369
1475	26938	81	129 132 4 358 294 450 369 84 55 67
1353	16875	81	414 413 550 0 507 508 441 228 1515 4 252 297 220
1475	250540	81	173 55 4 358 294 450 369 175 84 55 67
1475	39849	81	351 358 65 4 358 294 450 369 43 40 84 67
1476	191988	81	43 40 39 153 0 90 417 4 358 294 450 369
1476	213510	81	18 51 40 39 17 42 129 132 4 358 294 450 369
1476	91743	81	266 610 92 1740 2221 4 358 294 450 369 23 39 153 37
2006	192892	81	154 358 84 55 445 25 1378 60 4 452 453 408 191 43 40 234
1475	243134	81	0 516 66 190 26 358 294 450 369 797 645 139 124 67
1475	67156	81	357 294 358 294 4 450 369 43 40 84 55 992
1475	160783	81	0 516 195 26 4 358 294 450 369 251 84 67
2004	53016	81	0 142 154 358 144 147 862 240 294 17 23 57 67 12 196 328 367 23 30 280