__label__2	1	205 19 290 289 58 54
__label__2	2	205 19 290 678 58 54
__label__2	3	205 19 177 178 57 105 254
__label__2	4	268 248 317 369 43 40 234
__label__2	5	205 19 177 178 351 237
__label__2	6	58 105 92 896 43 40 234
__label__2	7	268 248 290 289 43 40 234
__label__1	8	205 19 60 63 41 44
__label__1	9	205 19 177 178 41 44
__label__1	10	205 19 90 417 41 44
__label__4	11	205 19 156 422 41 44
__label__1	12	205 19 1527 1270 90 417 41 44
__label__1	13	205 19 101 48 144 60 63 41 44
__label__1	14	18 51 40 41 44 17 590 108
__label__1	15	18 51 40 41 44 92 90 417
__label__1	16	41 44 114 115 93 91 64 51 40
__label__1	17	41 44 18 19 618 153 177 178
__label__1	18	18 51 40 268 248 60 63 41 44
__label__1	19	60 63 41 44 64 476 71 5 185 207
__label__1	20	18 51 40 106 108 60 63 4 41 44 656 670 260 11 355
__label__4	21	205 19 605 207 256 2
__label__4	22	18 51 40 17 23 605 207 256 2 41 44
__label__1	23	18 51 40 41 44 166 108 699 16 125
__label__1	24	205 19 16 125 41 44
__label__1	25	18 51 40 60 63 211 212 41 44 328 106 108 0 71 5 401 1087 6 7
__label__1	26	205 19 356 355 41 44
__label__1	27	51 40 64 54 237 606 874 168 824
__label__1	28	60 63 1149 79 41 44 12 84 55 98 506 79 591 43 40 234
__label__1	29	106 108 41 44 114 115 252 12 51 40 339 646
__label__2	30	205 19 6 7 305 347
__label__2	31	205 19 6 7 669 668
__label__3	32	205 19 6 7 190 26 479 254
__label__3	33	205 19 301 485 26 338 6 7
__label__3	34	205 19 301 485 148 128 145 146 6 7
__label__3	35	205 19 301 485 248 26 6 7
__label__3	36	205 19 301 485 98 131 58 54 6 7
__label__3	37	205 19 301 485 190 26 504 503 6 7
__label__3	38	205 19 312 429 1967 414 6 7
__label__2	39	205 19 312 429 1027 1027
__label__2	40	205 19 312 429 154 41
__label__2	41	205 19 312 429 154 418
__label__2	42	205 19 343 312 305 347
__label__2	43	205 19 343 312 669 668
__label__3	44	205 19 343 312 479 254
__label__3	45	205 19 343 312 26 338 6 7
__label__3	46	205 19 343 312 148 128 145 146
__label__3	47	205 19 343 312 248 26 6 7
__label__3	48	205 19 343 312 98 131 58 54
__label__3	49	205 19 343 312 190 26 504 503 6 7
__label__2	50	205 19 343 312 1027 1027
__label__2	51	205 19 343 312 154 41
__label__2	52	205 19 343 312 154 418
__label__3	53	205 19 343 312 1967 414 6 7
__label__2	54	205 19 177 178 305 347
__label__2	55	205 19 177 178 1027 1027 312 429
__label__2	56	205 19 177 178 154 41 312 429
__label__3	58	148 128 145 146 545 117 6 7 114 115 699 117 8 12 43 40 234
__label__3	59	479 254 6 7 114 115 699 117 8 12 43 40 234
__label__3	60	148 128 145 146 248 26 6 7 114 115 699 117 8 12 43 40 234
__label__2	61	312 429 669 668 107 17 42 250 7 669 649 12 43 40 234
__label__3	62	148 128 145 146 6 7 144 147 185 207 12 9 106 108 181 411 185 207 12 43 40 234
__label__3	63	114 115 17 117 8 12 144 147 185 207 6 7 4 188 64 476 122 9
__label__3	64	60 63 41 44 106 108 185 207 6 7 12 188 43 40 122
__label__3	65	205 19 182 1090 114 115 148 128 145 146
__label__3	66	274 241 6 7 556 1215 51 40
__label__3	67	301 485 6 7 328 12 106 108 144 147 6 7 117 8 12 150 352 450 58 54 351 237 260 49 1103 245 26 316 35 43 40 234
__label__3	68	145 146 144 147 117 8 12 131 134 254 255 1194 195 255 162 148 128 145 146 17 663 12 43 40 153 313
__label__3	69	148 128 145 146 545 117 6 7 516 858 334 100 6 7 4 170 195 64 51 40
__label__6	70	51 40 64 14 15 335 704 703
__label__6	71	51 40 64 14 15 201 176
__label__6	72	51 40 64 156 422 575 716 156 422 575 43 40 57 717
__label__6	73	205 19 580 579 14 15 335 704 703
__label__6	74	205 19 580 579 14 15 201 176
__label__6	75	205 19 580 579 156 422 575
__label__6	76	580 579 17 42 83 43 40 234
__label__6	77	580 579 100 546 55 97 424
__label__6	78	580 579 186 189 55 502 447 64 29 326
__label__6	79	205 19 106 201
__label__6	80	205 19 193 60 264
__label__6	81	829 485 823 384 525 205 19 316 35
__label__6	82	699 107 42 60 264 43 40 234
__label__6	83	60 264 193 337 43 40 234
__label__6	84	205 19 186 189 1650 208
__label__6	85	205 19 182 1090 114 115 60 264
__label__6	86	580 579 64 476 55 864 953 818 368
__label__6	87	205 19 343 80 176 189 716 2381 2382 717
__label__6	88	205 19 106 133 168 7 176 716 47 50 49 168 1276 595 1198 717
__label__6	89	205 19 101 48 14 15 335 704 703 335 704 138 767
__label__6	90	205 19 101 48 14 15 201 176 335 704 138 767
__label__6	91	205 19 101 48 156 422 575 335 704 138 767
__label__4	92	51 40 64 677 1144 110 111
__label__4	94	205 19 316 35 110 111
__label__4	95	110 111 133 139 205 19 520 207
__label__4	96	51 40 64 497 598 156 422
__label__4	99	51 40 64 864 969 156 631
__label__4	100	51 40 64 256 2
__label__4	101	205 19 316 35 497 598 156 422
__label__4	102	497 598 156 422 55 567 339 78 555 43 40 234
__label__4	103	205 19 316 35 1027 1027 156 422
__label__4	104	205 19 316 35 811 1223 156 422
__label__4	105	205 19 316 35 864 969 156 631
__label__4	106	205 19 360 359 256 2
__label__4	107	205 19 133 139 497 598 156 422
__label__4	108	205 19 133 139 110 111
__label__4	109	205 19 133 139 1027 1027 156 422
__label__4	111	864 969 156 631 41 44 256 2 93 1240 64 51 40
__label__4	112	205 19 133 139 864 969 156 631
__label__4	113	205 19 133 139 773 23 256 2
__label__10	114	205 19 360 359 102 96
__label__10	115	18 51 40 17 23 95 273 102 96
__label__7	116	205 19 283 210 102 96
__label__10	117	205 19 101 48 102 96
__label__10	118	205 19 122 102 96
__label__4	120	360 359 110 111 525 12 110 111 92 90 417 1194 618 153 177 178 205 19 122 207 12 43 40 234
__label__4	121	360 359 256 2 525 12 41 44 92 90 417 1194 618 153 177 178 205 19 122 207
__label__4	122	360 359 773 23 256 2 525 12 533 728 17 145 485 256 2 12 43 40 234
__label__4	123	256 2 155 151 525 12 41 44 17 486 132 12 43 40 153 313
__label__10	124	205 19 522 110 102 96 362 361
__label__10	125	102 96 365 366 124 126 12 43 40 153 313
__label__5	126	51 40 64 1 253 300 1703 117
__label__5	127	51 40 64 211 212 300 1703 117
__label__5	132	205 19 494 35 1 253 300 1703 117
__label__5	133	205 19 494 35 211 212 300 1703 117
__label__5	134	205 19 494 35 786 818 407 404 300 1703 117
__label__5	135	205 19 494 35 1149 79 300 1703 117
__label__5	136	205 19 494 35 872 263 300 1703 117
__label__5	137	205 19 494 35 277 305 300 1703 117
__label__5	138	274 241 156 422 494 35 22 24
__label__5	139	205 19 494 35 211 609 182 929 300 1703 117
__label__16	140	205 19 360 359 211 45 779 382 801
__label__5	142	205 19 494 35 14 15 42 143
__label__5	143	205 19 494 35 14 15 1304 948
__label__5	144	205 19 494 35 14 15 584 360
__label__5	145	205 19 182 929 14 15 163 907
__label__5	146	205 19 155 18 14 15 163 259 636 386 609
__label__5	147	205 19 306 207
__label__9	148	205 19 534 533 128 404 198
__label__9	149	205 19 534 533 581 911 104 407
__label__16	150	205 19 360 359 249 358 78 716 81 1086 575 717
__label__2	151	58 54 92 80 85 43 40 234
__label__2	152	305 347 54 237 92 80 85 43 40 234
__label__2	153	205 19 1195 182 41 57 579
__label__2	154	41 57 579 18 51 40 1956 192
__label__10	155	205 19 472 423 131 134 401 400
__label__10	156	205 19 177 178 131 134 401 400
__label__10	157	205 19 182 1090 114 115 131 134 401 400
__label__10	158	131 134 401 400 114 115 17 117 8 12 43 40 153 313
__label__10	159	131 134 401 400 252 171 113 17 598 577 12 43 40 234
__label__2	160	205 19 177 178 190 26 401 400
__label__7	161	205 19 452 453
__label__3	162	18 51 40 92 475 18 1 253 147 272 26
__label__3	163	18 51 40 92 475 18 211 212 50 297
__label__3	164	18 51 40 92 475 18 277 305 609 143
__label__10	165	205 19 177 178 131 134 254 255
__label__10	166	205 19 177 178 131 134 195 255
__label__11	167	205 19 177 178 588 209 254 255
__label__2	168	205 19 592 1409 58 54 92 896
__label__8	169	22 24 92 112 57 43 40 234
__label__8	170	479 254 92 112 57 43 40 234
__label__8	171	669 668 92 112 57 43 40 234
__label__8	172	131 134 401 400 92 112 57 43 40 234
__label__8	173	148 128 145 146 92 112 57 43 40 234
__label__8	174	41 44 92 112 57 43 40 234
__label__8	175	113 116 92 112 57 43 40 234
__label__7	176	0 5 283 210 764 27 41 44
__label__7	177	0 5 283 210 872 263 1172 529
__label__7	178	0 5 365 453 609 105
__label__7	179	0 5 283 210 211 212 1172 529
__label__7	180	0 5 283 210 1 253 1172 529
__label__7	181	41 44 844 843 1172 529 12 0 5 283 210
__label__7	182	211 212 592 288 2790 1521 64 51 40
__label__7	183	1 253 592 288 2790 1521 64 51 40
__label__7	184	277 305 592 288 2790 1521
__label__7	185	872 263 592 288 2790 1521
__label__7	186	0 5 365 453 128 404 198
__label__7	187	0 5 365 453 581 911 104 407
__label__7	188	0 5 365 453 41 44 114 115 26 198
__label__7	189	0 5 365 453 636 386 609
__label__9	190	0 5 507 508 128 404 198 22 24
__label__9	191	176 575 815 42 64 51 40
__label__9	192	176 575 783 236 64 51 40
__label__10	193	660 16 565 50 205 19 316 35
__label__10	194	205 19 285 133 660 16 565 50 210 1716
__label__9	195	154 358 92 644 819 43 40 234
__label__9	196	0 5 106 253 811 748 1060
__label__9	197	205 19 90 417 466 751 1194 344 439 329 327 146
__label__9	198	305 347 54 237 92 648 450 18 131 134 254 255 12 205 19 90 417
__label__9	199	18 51 40 39 17 42 14 15 550 550
__label__9	200	205 19 90 417 14 15 163 259 335 537 41 44
__label__2	201	18 51 40 268 248 317 369 211 45 779
__label__9	202	18 51 40 21 17 193 14 15 163 259 300 445
__label__9	203	205 19 21 193 14 15 176 960
__label__14	204	205 19 21 193 277 305 864 811
__label__9	205	205 19 299 386 14 15 350 1242
__label__14	206	205 19 534 533 208 208 104 407
__label__14	207	205 19 101 33 208 208 816 460
__label__14	208	205 19 95 273 208 208
__label__5	209	205 19 494 35 300 1703 117
__label__5	210	51 40 64 300 1703 117
__label__5	211	300 1703 117 205 19 107 207
__label__9	212	205 19 101 48 834 79 41 44
__label__9	213	205 19 101 33 350 1242
__label__9	214	205 19 301 485 14 15 387 384
__label__9	215	205 19 534 533 26 38 104 407
__label__9	216	205 19 90 417 154 358 358 294 450 369
__label__2	217	205 19 90 417 57 105 254
__label__2	218	205 19 122 59 317 369
__label__2	219	205 19 177 178 756 548
__label__2	220	205 19 39 153 351 237
__label__10	221	205 19 101 48 102 96 365 366 450 369
__label__1	222	205 19 60 63 565 50 763 404
__label__10	223	205 19 360 359 102 96 78
__label__10	224	205 19 90 417 102 96
__label__10	225	205 19 177 178 102 96
__label__10	226	0 99 39 565 50 43 40 234
__label__5	227	205 19 101 33 816 460
__label__5	228	205 19 133 139 816 460
__label__4	229	497 598 205 19 107 207
__label__4	230	156 422 205 19 107 207
__label__4	231	110 111 205 19 107 207
__label__2	232	205 19 317 369 58 105
__label__2	234	174 393 250 7 237 317 369 328 12 268 248 291 107 42 250 7 237 43 40 234
__label__2	235	205 19 57 14 15 761 271 271 317 369 197 198 58 105
__label__2	236	205 19 57 14 15 761 271 271 290 289 197 198 58 105
__label__2	241	305 347 270 697 697 23 476 162 22 433 194 163 328 317 369
__label__1	242	205 19 57 14 15 761 271 271 60 307
__label__1	243	51 40 64 1103 248 958
__label__1	244	14 15 163 259 270 697 697 205 19 571 386 41 44
__label__16	245	211 45 779 205 19 60 63 50 314
__label__16	246	211 45 779 205 19 177 178 144 60 63 41 44
__label__16	247	211 45 779 205 19 267 269 144 60 63 41 44
__label__4	249	205 19 101 48 497 598 156 422 139 207 138 767
__label__4	251	336 193 685 110 111 12 43 40 234
__label__9	252	51 40 64 14 15 163 259 104 105 194
__label__9	256	14 15 131 1000 54 55 97 424 151 23
__label__9	258	51 40 64 154 148 678
__label__11	259	205 19 559 35 130 128 300 708
__label__7	261	815 816 4 382 801 162 58 54 525 478 4 401 3 17 66 831 12 43 40 234
__label__10	263	205 19 955 182 456 849 54 237
__label__10	264	205 19 371 376 102 96
__label__10	265	205 19 57 305 347 316 35 525 478
__label__16	266	51 40 64 211 45 779 249 212
__label__10	267	18 51 40 282 281 47 50 49 4 371 376 85 593 17 598 577
__label__10	269	51 40 64 864 174 50 314
__label__10	271	205 19 101 48 144 60 63 4 50 314 41 44
__label__1	273	205 19 497 577 101 39 41 44
__label__4	274	205 19 522 110 497 811 50 314
__label__4	275	205 19 522 110 256 2
__label__4	276	205 19 522 110 402 677 1144 256 2 403
__label__4	277	205 19 522 110 773 23 444 443 256 2
__label__4	278	205 19 133 139 773 23 444 443 256 2
__label__4	279	205 19 522 110 141 456 444 443 256 2
__label__4	280	205 19 133 139 141 456 444 443 256 2
__label__4	281	51 40 64 110 111 156 422
__label__4	282	110 111 4 864 1347 64 51 40
__label__4	283	110 111 41 44 4 590 108 314 110 55 97 424
__label__4	284	110 111 156 422 4 590 108 93 1240 64 51 40
__label__4	285	64 476 36 177 178 144 110 111 41 44
__label__4	286	497 598 156 422 4 590 108 170 392 55 97 424
__label__4	287	497 598 156 422 4 590 108 93 1240 64 51 40
__label__4	288	205 19 1195 182 497 598 156 422 502 593
__label__6	289	205 19 101 48 0 4 864 953 952
__label__6	290	205 19 573 57 864 953 952
__label__15	297	305 347 948 148 609 250 7 305 347 54 237 328 12 66 249 107 17 42 380 41 250 7 237 12 43 40 234
__label__15	304	18 51 40 452 121 609 105 302 447 328 114 968 17 117 8
__label__15	308	609 105 302 447 205 19 301 485 9 384
__label__4	314	497 598 156 422 205 19 522 110 444 528
__label__4	318	497 598 156 422 4 444 528 162 497 598 156 422 782 207 4 267 533 64 51 40
__label__4	319	497 598 156 422 41 44 18 19 17 590 108
__label__4	323	497 598 156 422 64 205 19 595 207 4
__label__4	329	51 40 64 412 720 444 528
__label__4	332	256 2 205 19 520 207
__label__4	333	444 443 256 2 522 110 525 36 34 177 178 37
__label__4	334	497 598 156 422 205 19 98 307 31 301 485 753 254
__label__5	340	300 1703 117 197 198 55 51 40 809 487
__label__9	341	205 19 177 178 154 358 141 368 153 355 4 41 44
__label__9	342	18 51 40 106 108 533 728 71 5 1232 594
__label__9	343	18 51 40 445 25 147 405 698 122
__label__9	345	18 51 40 166 108 956 427 337 336
__label__9	346	18 51 40 166 108 651 899 17 494 617
__label__9	347	18 51 40 166 108 300 989 1157 291 124 126
__label__9	348	18 51 40 166 108 300 989 55 103 389
__label__3	349	148 128 145 146 114 115 71 5 29 326
__label__3	350	130 128 6 7 556 1215 51 40
__label__3	351	205 19 521 236 131 134
__label__3	352	18 51 40 148 128 145 146 114 115 699 117 8
__label__3	353	18 51 40 1967 414 6 7 114 115 17 117 8
__label__3	354	148 128 145 146 114 115 17 117 8 36 34 11 2 16 257 40
__label__3	355	18 51 40 131 134 254 255 162 148 128 145 146 254 255 17 663
__label__3	356	106 108 71 5 6 7 43 40 234
__label__4	357	18 51 40 197 198 256 2 9 71 5 185 207
__label__4	358	205 19 106 1232 156 422 502 593
__label__4	362	205 19 316 35 864 174 156 422
__label__1	363	60 63 41 44 328 534 533 26 22 24 36 34 848 290 289 4 305 347 54 237 17 163 37
__label__1	364	205 19 211 26
__label__1	365	51 40 64 60 63 16 572
__label__1	366	18 51 40 60 63 1219 443 106 108 0 71 5 6 7
__label__1	367	41 44 36 34 90 417 37
__label__1	369	211 45 779 168 552 1301 1524 4 41 44 62 97 39
__label__1	370	205 19 327 1304 211 26
__label__1	371	18 51 40 62 14 15 60 4 50 314 17 23 62 292 293 16 125
__label__6	374	205 19 783 236 1086 575
__label__2	378	205 19 101 48 57 105 254
__label__2	380	36 34 62 17 163 522 599 16 317 369 58 54 40
__label__2	381	18 51 40 166 108 407 404 803 193 543 620
__label__2	382	18 51 40 166 108 1006 133 1786 876 697 124 126 792 121 11 2 317 369
__label__16	383	205 19 534 533 211 45 779 104 407
__label__16	384	211 45 779 60 63 4 41 44 36 34 590 108 42 292 293 300 40
__label__16	386	205 19 122 249 358 78 716 81 1086 575 717
__label__16	387	51 40 64 249 358 78 716 81 1086 575 717
__label__9	389	205 19 815 42
__label__16	395	249 358 78 716 81 1086 575 717 4 55 502 447 64 29 326
__label__16	397	51 40 64 211 45 779 919 1426
__label__16	399	205 19 534 533 402 98 0 731 1004 1220 403 4 26
__label__16	400	51 40 64 2381 2382 211 26
__label__10	402	205 19 177 178 131 134 171 354
__label__10	403	18 51 40 268 248 177 178 131 134 102 297
__label__10	404	205 19 101 48 47 50 49 534 533 100 546
__label__10	405	18 51 40 78 555 371 376 282 281 47 50 49 371 376 85 593 17 598 577 1194 268 427 261
__label__10	406	18 51 40 102 96 21 17 193
__label__10	407	60 63 50 314 429 314 17 663 43 40 234
__label__10	409	14 15 516 292 293 4 211 212 58 54 64 476 1650 117
__label__10	411	205 19 302 536 50 314 41 44
__label__10	412	205 19 522 110 25 557 1219 121
__label__10	413	205 19 95 273 102 96
__label__10	414	18 51 40 21 193 47 50 49 4 102 96 64 157 179 4
__label__10	415	18 51 40 39 17 42 360 359 4 102 96
__label__10	417	205 19 101 39 102 96
__label__10	418	205 19 101 48 107 42 4 102 96
__label__10	419	51 40 64 102 96 78
__label__10	420	166 108 9 55 102 96 78 12 18 51 40 268 248 95 273 102 96
__label__10	421	205 19 101 48 144 95 273 4 102 96
__label__10	422	18 51 40 95 273 102 96 525 9 64 48 17 42 47 50 49 468 479 54 237
__label__10	423	51 40 64 102 96 54 237 168 824
__label__10	425	51 40 64 117 24 351 54
__label__10	426	18 51 40 197 21 17 117 351 54
__label__10	427	51 40 64 456 849 54 237
__label__10	428	18 51 40 47 50 49 4 22 24 64 351 54
__label__10	429	51 40 64 168 291 117 4 102 96
__label__13	430	51 40 64 221 22 117
__label__13	431	221 22 117 205 19 365 464
__label__13	432	221 22 117 205 19 595 207
__label__13	438	14 15 79 609 117 205 19 95 273 172 637
__label__3	439	205 19 6 7 130 128 479 254
__label__3	440	205 19 301 485 305 1139 504 503 7 6 7
__label__3	441	287 1268 401 1087 6 7 64 51 40
__label__3	442	148 128 145 146 858 334 100 6 7 114 115 699 117 8 12 43 40 234
__label__3	443	205 19 177 178 148 128 145 146 6 7
__label__1	444	18 51 40 41 44 106 108 268 248 16 125
__label__1	445	190 26 205 19 60 63 211 212 41 44
__label__11	446	205 19 95 273 14 15 609 143 117
__label__11	447	205 19 317 369 14 15 609 143 117
__label__8	449	609 648 92 112 57 43 40 234
__label__9	450	131 134 78 303 205 19 90 417
__label__1	451	205 19 90 417 538 31 41 44
__label__10	452	205 19 360 359 25 557 1219 121 380 41
__label__4	453	41 44 522 110 110 111 525 12 110 111 17 786 502 43 40 234
__label__3	454	300 267 6 7 17 117 8 12 43 40 234
__label__3	455	154 41 6 7 144 147 117 8 12 201 62 92 683 684 12 43 40 234
__label__3	458	26 338 6 7 144 147 117 8 12 201 62 92 683 684 12 43 40 234
__label__3	460	148 128 145 146 545 117 6 7 144 147 117 8 12 201 62 92 683 684 12 43 40 234
__label__4	463	51 40 64 497 174 156 422
__label__4	464	205 19 522 110 497 174 156 422
__label__4	465	205 19 133 139 497 174 156 422
__label__4	486	17 305 368 133 139 41 44 4 497 174 156 422 12 41 44 62 858 277 294 197 879 306 497 174 156 422 37
__label__4	492	864 969 156 631 268 248 316 35 12 43 40 234
__label__4	494	864 969 156 631 205 19 360 359
__label__12	500	51 40 64 172 174 1 3
__label__6	514	14 15 186 189 36 34 106 201 1194 122 384 37
__label__12	515	1 582 23 476 700 701 1 3 59 32
__label__3	516	190 26 58 54 60 307 71 5 1 253 7 6 7 37
__label__3	517	205 19 301 485 1 253 7 6 7
__label__12	518	32 1 36 34 117 8 14 15 270 697 697 335 816 176 37
__label__12	519	32 1 660 16 335 816 176 525 36 34 122 384 37
__label__12	520	32 1 1 3 36 34 16 257 183 184 37
__label__12	521	1 3 183 184 114 115 699 117 8 12 205 19 452 453
__label__6	524	864 953 952 55 502 447 55 29 326
__label__12	532	205 19 1006 133 611 302
__label__12	533	611 302 4 57 299 55 97 424
__label__12	534	58 54 17 166 108 611 302 12 43 40 234
__label__12	536	611 302 783 236 525 699 107 42 609 811 12 43 40 234
__label__3	537	205 19 343 417 2 334 300 58 54 4 479 254 6 7
__label__12	552	205 19 623 185 172 174 1 3 168 7 176
__label__4	557	497 174 156 422 41 44 17 590 108 12 43 40 234
__label__4	558	497 174 156 422 41 44 92 567 339 78 555 12 43 40 234
__label__12	569	543 170 581 143 205 19 452 121
__label__4	574	18 51 40 110 111 156 422 41 44 17 590 108
__label__4	575	110 111 156 422 41 44 4 522 110 68 649 64 51 40
__label__12	586	205 19 290 289 2 334 300 147 272 26 58 54
__label__12	589	205 19 290 678 162 343 312 2 334 300 147 272 26 305 347 54
__label__10	590	102 96 55 502 447 64 29 326
__label__2	591	305 347 107 17 42 250 7 237 12 43 40 234
__label__3	592	51 40 64 148 128 145 146 858 334 100 6 7
__label__2	593	205 19 521 236 260 133 139 669 668
__label__3	594	51 40 64 300 267 6 7
__label__3	595	205 19 301 485 300 267 6 7
__label__12	596	172 174 168 7 176 205 19 122 384
__label__12	597	172 174 168 7 176 122 384 29 326 42 58
__label__12	598	172 174 363 168 1 3 205 19 522 110
__label__12	599	172 174 363 168 1 3 205 19 133 139 363 168
__label__12	601	172 174 363 168 4 1 3 144 95 125 454 144 90 417 454 260 8 447 12 205 19 343 417 168 7 176 80 85 362 361
__label__12	603	60 63 1 3 41 44 328 39 17 42 98 506 543 170 12 43 40 234
__label__3	604	18 51 40 71 5 301 485 1 253 7 6 7
__label__12	605	205 19 16 257 1 253 183 184
__label__10	606	102 96 114 115 93 91 64 51 40
__label__10	607	25 557 1219 121 93 91 64 51 40
__label__17	608	205 19 452 121 38 35 810 681 7
__label__19	739	38 401 60 464 720 447 64 51 40 328 367
__label__10	999	205 19 747 748 102 96
__label__10	1000	205 19 177 178 47 50 362 361
__label__10	1001	205 19 90 417 102 96 365 366 450 369
__label__10	1002	205 19 627 153 365 366 4 102 96
__label__10	1003	205 19 90 417 365 366 4 102 96
__label__10	1004	205 19 830 59 102 96
__label__6	1005	360 359 382 801 186 189 62 97 101 48
__label__3	1006	18 51 40 130 128 6 7 17 117 8
__label__3	1007	130 128 6 7 17 117 8 12 43 40 234
__label__3	1008	18 51 40 26 338 6 7 117 17 8
__label__3	1009	26 338 6 7 17 117 8 43 40 234
__label__3	1010	205 19 154 41 6 7
__label__3	1011	18 51 40 148 128 145 146 248 26 6 7 17 117 8
__label__3	1012	205 19 133 139 154 41 6 7
__label__3	1013	205 19 182 1090 114 115 130 128 6 7
__label__3	1014	154 41 6 7 17 117 8 43 40 234
__label__1	1015	762 6 7 4 41 44 205 19 90 417
__label__1	1016	6 7 252 4 41 44 205 19 90 417
__label__1	1017	6 7 17 117 8 4 41 44 205 19 90 417
__label__1	1018	92 90 417 4 41 44 205 19 177 178
__label__1	1019	114 115 17 117 8 4 41 44 205 19 90 417
__label__1	1020	114 115 252 4 41 44 205 19 90 417
__label__60	1126	205 19 101 48 32 1 405 650
__label__60	1130	172 174 1 3 452 121 1945 27 66 284 466 1945 4 68 649 64 51 40
__label__60	1134	18 51 40 104 407 716 678 61 717 22 24 21 17 117
__label__60	1138	205 19 60 63 57 105 78 303
__label__60	1139	18 51 40 84 55 166 108 78 303 651 899
__label__60	1140	205 19 153 355 57 105 78 303
__label__1	1144	205 19 101 48 308 309 8 4 41 44
__label__1	1145	205 19 101 48 107 540 8 4 41 44
__label__1	1146	205 19 95 125 41 44
__label__61	1193	0 5 39 38 35 43 40 234
__label__61	1194	0 5 32 1 43 40 234
__label__61	1195	0 5 359 277 305 1 1194 2 1 43 40 234
__label__61	1196	0 99 359 872 263 43 40 234
__label__61	1197	0 99 359 277 305 79 43 40 234
__label__61	1198	0 99 359 277 305 263 811 43 40 234
__label__61	1199	0 55 245 171 407 404 71 47 43 40 234
__label__61	1200	0 55 245 171 609 404 71 47 43 40 234
__label__10	1201	51 40 64 47 50 49 168 1276 595 1198
__label__16	1202	205 19 285 1945 1219 443 1048 556 1945
__label__3	1208	18 51 40 92 475 18 277 305 79 609 143
__label__63	1209	14 15 30 755 452 121 716 260 114 115 717 4 68 649 64 51 40
__label__63	1210	14 15 30 755 4 189 751 91 1138 55 29 75
__label__63	1212	452 121 14 15 30 755 4 408 191 62 97
__label__63	1213	14 15 30 755 595 44 100 546 64 51 40
__label__63	1214	14 15 30 755 64 476 623 1139 29 1140 755 384
__label__63	1215	14 15 30 755 9 384 205 19 595 528 207 57
__label__63	1216	14 15 30 755 9 384 100 546 55 97 424
__label__63	1217	14 15 30 755 9 384 124 126 43 40 234
__label__63	1218	14 15 30 755 18 51 40 9 384 124 126
__label__63	1219	14 15 30 755 4 189 751 55 502 447 64 29 326
__label__10	1229	2246 781 828 64 51 40
__label__10	1231	205 19 360 359 2246 781 828
__label__2	1329	205 19 955 182 31 58 54
__label__2	1330	205 19 571 386 31 56 58 54
__label__2	1331	205 19 222 31 58 54 302 1077 401 3
__label__3	1332	130 128 6 7 328 106 108 472 423 290 289 54 64 51 40
__label__10	1333	205 19 521 236 456 849 54 237
__label__10	1334	18 51 40 41 44 144 95 125 9 197 107 42 102 96
__label__1	1335	41 44 95 125 1194 90 417 525 58 105 65 25 4 156 422 207 57 43 40 234
__label__1	1336	18 51 40 41 44 92 95 125
__label__1	1337	205 19 1195 182 16 125 68 427
__label__4	1338	205 19 101 48 197 198 42 447 720 447
__label__2	1339	205 19 236 312 305 347
__label__2	1340	205 19 343 312 829 485 828
__label__2	1341	205 19 290 678 147 272 26 58 54
__label__1	1342	205 19 700 701 147 272 26
__label__1	1343	32 1 16 257 525 12 114 115 71 5 29 326
__label__1	1344	205 19 1006 199 521 29 4 32 1 1 3 1747 1051
__label__2	1346	43 40 705 236 57 105 259 501
__label__60	1349	32 1 62 97 65
__label__60	1350	60 63 32 1 5 107 207 37
__label__1	1351	43 40 571 386 0 60 63 4 1 3 41 44
__label__7	1352	205 19 303 415 147 272 26
__label__81	1353	205 19 507 508 147 272 26
__label__81	1355	205 19 133 139 139 44 106 204
__label__81	1356	205 19 301 408 1875 358
__label__1	1358	205 19 60 63 0 4 103 389
__label__1	1360	205 19 90 417 0 4 103 389
__label__1	1361	205 19 90 417 0 4 24 389 303 596
__label__60	1362	205 19 101 1 415
__label__60	1363	205 19 101 1 387
__label__60	1364	205 19 101 360 1 401 702
__label__60	1367	205 19 193 117 147 272 26
__label__69	1368	22 24 92 1449 1142
__label__2	1369	18 51 40 58 54 92 80 85
__label__3	1370	163 66 190 148 128 145 146 64 476 36 34 6 7 29 190 58 105
__label__3	1371	205 19 177 178 6 7 328 504 503 7 41 44
__label__3	1372	18 51 40 166 108 6 7 531 328
__label__1	1373	18 51 40 60 63 4 41 44 166 108 144 8 447
__label__4	1374	205 19 101 48 256 2 401 3 139 1356 138 767
__label__2	1375	66 190 305 347 54 64 476 36 34 290 289 29 190 58 54
__label__3	1376	66 190 504 503 7 54 36 34 6 7 73 190 58 54
__label__82	1377	205 19 452 121 14 15 969 485 284 185
__label__82	1378	205 19 101 33 969 485 284 185 4 299 386 301 751
__label__82	1379	18 51 40 452 121 4 284 185 92 683 684
__label__3	1380	18 51 40 728 66 375 197 41 57 636 237 118 64 106 108 337 336
__label__3	1381	205 19 498 577 472 423 728 66 375 197 41 57 636 237
__label__3	1382	18 51 40 98 131 58 54 6 7 197 21 384 124 126
__label__3	1383	98 131 58 54 6 7 21 384 124 126 43 40 234
__label__3	1384	18 51 40 98 131 58 54 6 7 166 108 498 62 21 384
__label__3	1385	205 19 101 48 130 128 1194 190 26 6 7 301 751
__label__3	1386	106 108 402 6 7 531 328 403 205 19 11 2 6 7
__label__3	1387	205 19 101 48 144 60 63 6 7 531 328 4 41 44
__label__3	1388	60 63 6 7 531 328 4 41 44 205 19 90 417
__label__4	1389	205 19 133 139 864 174
__label__4	1390	864 174 205 19 107 207
__label__4	1391	864 174 205 19 122 207
__label__10	1392	205 19 182 408 47 50 49 168 1276 595 1198
__label__10	1393	47 50 49 168 1276 595 1198 55 51 40 30 299
__label__10	1394	98 100 522 110 67 117 24 351 54 64 476 36 34 291 107 380 41
__label__13	1395	205 19 267 269 773 23 221 22 117
__label__13	1396	18 51 40 268 248 60 63 41 44 106 108 221 22 117 186 189 17 187
__label__7	1397	205 19 627 678 283 210
__label__7	1398	205 19 285 133 283 210 102 96 618 78
__label__4	1400	205 19 57 497 811 78 783 236 256 2 78
__label__10	1401	18 51 40 102 96 144 90 417 9 197 291 42 22 24
__label__1	1402	41 44 144 90 417 713 197 291 42 22 24 43 40 234
__label__2	1403	18 51 40 58 54 106 108 402 219 936 57 105 403
__label__2	1404	106 108 219 936 57 105 60 63 43 40 234
__label__3	1405	1218 1531 478 504 503 7 205 19 6 7
__label__6	1406	205 19 623 185 193 60 264 4 327 366 207
__label__1	1407	18 51 40 41 44 268 248 177 178
__label__10	1408	205 19 60 63 131 134 78 303
__label__10	1409	205 19 101 48 131 134 78 303
__label__10	1410	205 19 101 48 130 128 153 355
__label__10	1411	205 19 101 48 541 308 309 67 0 4 41 44
__label__10	1412	205 19 101 48 239 819
__label__10	1413	101 48 102 96 205 19 107 207
__label__12	1414	84 55 1 253 7 205 19 6 7
__label__85	1415	205 19 444 443 48 1
__label__12	1419	205 19 592 1409 252 297 426 425
__label__12	1420	205 19 815 816 32 1 62 660 494 163
__label__12	1421	815 816 32 1 62 660 494 163 64 476 107 207
__label__12	1422	205 19 95 273 32 1 62 660 494 163 286 527
__label__12	1423	205 19 60 63 811 1223 131 787 1 3
__label__12	1424	205 19 356 355 144 242 1409 1 3 700 701
__label__12	1425	51 40 64 1 253 7 869 54
__label__12	1426	18 51 40 1 253 7 6 7 17 117 8
__label__12	1427	18 51 40 1 253 7 146 116 268 248 16 257
__label__12	1428	205 19 522 110 415 702 18 25 1060
__label__12	1429	18 51 40 106 108 770 673 1 245 6 7 4 1 3 310 144 597 16 572
__label__12	1430	106 108 402 673 1 245 6 7 4 1 3 310 144 597 16 572 403 43 40 234
__label__12	1431	18 51 40 1 253 7 355 160 649 6 7 17 117 8
__label__12	1432	205 19 101 33 172 174 168 7 176 122 384 301 751
__label__12	1433	39 800 537 4 408 191 62 97 65
__label__83	1434	0 5 141 1992
__label__83	1435	0 5 1992 26
__label__83	1436	14 15 468 776 775
__label__4	1438	59 201 307 31 82 18 114 115 699 117 8 92 895 242 110 111 43 40 234
__label__4	1439	205 19 106 219 497 598 307 31 4 1087 310 751
__label__12	1441	205 19 317 369 252 489 300 989 147 272 26
__label__83	1445	241 244 4
__label__3	1446	153 472 107 384 22 31 625 7 599 290 237 62 97 65 48
__label__3	1447	98 131 58 54 6 7 12 84 55 107 42 599 290 237 43 40 234
__label__84	1448	51 40 64 14 15 407 404 168 1276 595 1198
__label__84	1449	182 408 14 15 407 404 168 1276 595 1198 55 97 424 168 1276
__label__84	1450	205 19 182 408 14 15 407 404 168 1276 595 1198
__label__84	1451	18 51 40 144 147 360 359 14 15 407 404 168 1276 595 1198 152 17 166 108
__label__84	1453	205 19 267 269 14 15 407 404 168 1276 595 1198
__label__12	1454	18 51 40 60 63 1 3 41 44 268 248 141 136 869 1129 648 389
__label__12	1455	51 40 64 22 24 490 250 153 472 250 7 237
__label__4	1457	18 51 40 502 593 427 261 197 1848 1028 521 2
__label__4	1462	18 51 40 17 62 1264 1350 445 545 117 307 170 392 17 36 573 57 256 2
__label__4	1463	256 2 78 427 84 55 57 18 51 40 135 84 55 67
__label__1	1464	205 19 177 178 60 63 41 44 4 173 62 171
__label__10	1469	18 51 40 102 96 106 108 305 347 54 92 283 210 18 268 248 291 117
__label__10	1471	747 748 102 96 305 347 54 250 7 237 60 631 124 126 43 40 234
__label__10	1472	18 51 40 102 96 747 748 525 17 166 108
__label__10	1473	18 51 40 268 248 747 748 102 96
__label__10	1474	106 108 643 21 4 54 237 144 8 447 12 43 40 234
__label__81	1475	18 51 40 358 294 450 369 139 124
__label__81	1476	205 19 39 153 358 294 450 369
__label__10	1486	205 19 534 533 130 128
__label__10	1487	747 748 102 96 129 525 544 328 123 114 115 17 117 8
__label__10	1488	102 96 92 283 210 67 319 43 40 234
__label__10	1491	205 19 90 417 141 136 98 130 128 4 78 303
__label__10	1492	130 128 407 404 361 751 620
__label__10	1494	102 96 699 131 193 291 42 130 128 211 212 22 24
__label__10	1495	47 50 168 1276 671 205 19 285 133
__label__10	1496	106 335 47 50 168 1276 671 386 284 452 121 525 299 386 328 572 64 29 326
__label__10	1498	47 50 168 1276 671 284 185 21 384 71 5 29 326
__label__90	1544	0 43 40 39 637 177 131 134 13
__label__90	1561	18 51 40 223 329 329 104 407 22 24 21 17 117
__label__4	1569	205 19 301 485 876 697 753 417
__label__4	1570	205 19 101 33 165 103 876 697
__label__4	1576	205 19 115 101 110 111 64 476 590 108
__label__4	1582	43 40 101 33 190 26 522 599 876 697
__label__4	1584	896 54 262 884 43 40 316 35
__label__12	1597	205 19 521 178 1 322 253 771 26 41 44
__label__3	1599	18 51 40 300 267 6 7 17 117 8
__label__14	1600	1048 593 64 51 40
__label__14	1601	1048 593 43 40 57
__label__14	1603	66 190 1048 593 491 1123 29 192 188
__label__9	1606	14 15 538 31 18 51 40 39 17 42 67
__label__3	1607	205 19 301 485 287 1268 401 1087 6 7
__label__13	1608	205 19 580 579 221 22 117
__label__12	1609	205 19 101 33 172 174 168 7 176 92 520 81 82
__label__12	1610	172 174 168 7 176 335 66 411 363 168 66 68 41 44 37
__label__12	1611	172 174 1 3 283 210 1546 1568 205 19 285 133
__label__12	1612	1 3 183 184 114 115 71 5 29 326
__label__11	1613	43 40 193 588 209
__label__9	1614	154 358 106 108 358 294 8 327 644 819 43 40 234
__label__9	1615	14 15 510 931 205 19 90 417 60 59 4 303 596 516 78 2471
__label__3	1616	98 131 58 105 6 7 62 97 65 472 599 290 237
__label__3	1617	148 128 145 146 6 7 166 108 29 58 105 6 7 43 40 234
__label__1	1618	106 108 29 58 105 60 63 43 40 234
__label__1	1619	114 115 252 4 41 44 205 19 177 178
__label__2	1620	62 97 65 301 485 182 861 452 453
__label__10	1621	200 202 182 408 47 50 49 168 1276 595 1198 37
__label__10	1622	211 212 41 44 283 210 284 185 205 19 285 133
__label__10	1623	18 51 40 283 210 155 151 84 107 42 102 96 78 618 9
__label__10	1624	205 19 162 47 50 49 62 660 154 358
__label__7	1625	0 5 283 210 79 320 764 27
__label__7	1626	0 5 283 210 277 305 764 27
__label__7	1627	39 38 35 92 288 365 453 609 143
__label__7	1628	359 277 305 79 92 288 365 453 609 143
__label__7	1629	359 872 263 92 288 365 453 609 143
__label__7	1630	359 277 305 263 811 716 305 347 1194 22 433 491 717 92 288 365 453 609 143
__label__7	1631	1 322 335 704 716 32 1 1194 359 1 491 717 92 288 365 453 609 143
__label__7	1632	0 5 283 210 245 171 407 404 716 616 143 1194 279 177 491 717
__label__7	1633	245 171 407 404 716 616 143 1194 279 177 491 717 365 453 609 143
__label__12	1634	1437 593 305 347 268 248 301 485 172 174 168 7 176 6 7 43 40 234
__label__9	1635	1437 593 305 347 14 15 163 259 761 271 271 623 185 174 607 175 84 55 67 43 40 234
__label__12	1639	360 359 67 1834 358 556 12 43 40 57
__label__12	1641	205 19 360 359 1834 358 556
__label__9	1644	1063 1183 1062 205 19 106 201
__label__9	1645	1063 1183 1062 205 19 530 188
__label__9	1647	1063 1183 1062 106 201 525 176 189 43 40 101 33
__label__3	1648	51 40 64 98 131 58 105
__label__12	1649	252 489 300 989 147 272 26 525 478 62 97 65
__label__9	1651	14 15 510 931 154 358 358 294 450 369 43 40 90 417
__label__9	1652	14 15 510 931 205 19 267 269 139 44 106 204 716 156 631 717
__label__9	1664	190 26 252 446 62 97 65
__label__63	1665	14 15 30 755 36 34 106 132 9 384 37
__label__63	1666	205 19 101 48 9 384 720 447
__label__63	1667	14 15 30 755 9 384 525 189 751 197 356 355 37
__label__63	1668	14 15 30 755 790 447 197 55 51 40 726 725
__label__63	1670	205 19 290 678 14 15 30 755 58 105
__label__63	1671	14 15 30 755 205 19 106 1232 189 751
__label__12	1672	205 19 534 533 1 456
__label__12	1673	205 19 163 32 104 154 358
__label__12	1674	205 19 301 485 249 1452 48 1
__label__12	1675	205 19 133 139 249 1452 48 1
__label__93	1676	205 19 60 63 834 79 41 44
__label__93	1677	43 46 90 417 834 79 41 44
__label__93	1679	205 19 182 408 14 15 834 79
__label__13	1681	276 610 636 164 79 516 334 863 347 368 79 491 208 206 205 19 60 63
__label__7	1683	344 333 14 365 453
__label__3	1723	205 19 133 139 130 128 6 7
__label__9	1725	14 15 154 41 543 884 883 62 97
__label__9	1728	656 765 335 537 4 307 31 205 19 256 2
__label__3	1729	248 26 64 381 489 26 43 40 6 7
__label__1	1730	205 19 101 48 307 31 4 308 309 310
__label__10	1731	18 51 40 268 502 556 284 84 55 107 42
__label__10	1732	205 19 90 417 25 557 1219 121 286 527
__label__12	1741	172 174 168 7 176 350 93 520 384 525 205 19 452 453
__label__63	1748	14 15 30 755 253 811 4 189 751 36 34 2013 69 573 57 37
__label__63	1749	14 15 30 755 18 51 40 17 23 305 368 9 384
__label__63	1750	14 15 30 755 43 40 267 269
__label__63	1752	18 51 40 755 384 114 115 124 126 1194 268 248 755 188
__label__63	1755	14 15 30 755 36 34 302 29 192 447
__label__63	1756	14 15 30 755 487 44 64 29 192
__label__63	1757	14 15 30 755 197 16 1487 41 37
__label__63	1758	0 4 14 15 30 755 895 699 193 117 43 40 153 313
__label__10	1763	51 40 64 249 358
__label__10	1764	51 40 64 249 358 78
__label__10	1765	249 358 78 139 1356 93 1240
__label__10	1766	205 19 360 359 249 358 78
__label__10	1770	249 358 162 1834 358 556 4 267 533
__label__3	1777	144 147 6 7 8 66 639 130 128 6 7 18 51 40 9 5 47 6 7 274 241 4
__label__103	1795	193 1348 793 720 405 168 654 43 40 107 207
__label__10	1798	43 46 162 47 50 49 301 485 249 358
__label__1	1799	185 207 60 63 41 44 107 133 4 207 57 43 40 122
__label__1	1800	18 51 40 62 615 445 39 17 42 141 136 60 63 4 41 44
__label__10	1802	869 1129 102 96 328 268 248 409 408 651 899 260 268 248 168 552
__label__81	2004	154 358 92 644 819 4 24 5 644 819 29 326
__label__81	2006	154 358 92 644 819 67 205 19 452 453
__label__81	2007	154 358 644 819 452 453 29 326 55 85 593
__label__12	2008	1 387 595 528 803 62 97 65
__label__16	2009	205 19 267 269 211 45 779 347 803 26 543 1086
__label__16	2011	205 19 522 110 773 23 347 803 26 543 1086 4 141 368 153 355 1194 141 368 33 103
__label__12	2014	60 63 1 3 41 44 4 328 367 543 170 254 255 429 314 337 336 43 40 234
__label__12	2015	43 40 343 417 32 1 494 163
__label__12	2017	205 19 1 322 700 701
__label__12	2018	494 163 62 97 65 95 273
__label__12	2021	205 19 316 35 59 32 106 1304
__label__12	2022	1 322 543 170 254 60 63 337 336 43 40 178
__label__12	2023	43 40 109 14 15 32 1 41 44 4 183 184 90 417
__label__12	2024	1 3 41 44 36 34 1 456 162 252 297 163 328 60 63 37
__label__12	2026	32 104 62 660 106 335 4 1 32 275 176 1 582 64 476 36 34 106 133
__label__12	2027	97 65 36 34 48 42 47 32 1 41 44
__label__12	2030	1 253 7 6 7 23 57 360 1 494 163 636 788 37
__label__12	2031	205 19 60 63 380 32 1194 720 32 1 41 44
__label__63	2083	205 19 141 836 9 384
__label__63	2099	205 19 66 411 632 9 483 755 384
__label__63	2114	205 19 21 85 483 7 138
__label__7	2116	205 19 101 48 0 4 283 210 450 369
__label__11	2119	51 40 64 14 15 259 501 494 885 26
__label__11	2120	205 19 133 139 14 15 259 501 494 885 26
__label__11	2121	14 15 259 501 494 885 26 107 1863 205 19 106 201
__label__11	2122	14 15 163 259 259 501 494 885 26 43 40 530 188
__label__11	2123	205 19 155 18 14 15 259 501 494 885 26
__label__12	2126	0 99 39 609 209 1194 423 542 229 1194 561 1 491
__label__12	2127	205 19 60 63 47 32 1 41 44
__label__10	2128	18 51 40 106 108 305 347 54 237 409 408 17 494 248
__label__63	2214	205 19 521 236 829 485 828
__label__12	2218	32 1 429 176 43 40 122
__label__12	2219	205 19 90 417 60 63 4 39 800 537 41 44
__label__12	2220	205 19 101 48 0 4 22 31 32 1 494 163 651 899
__label__6	2221	60 63 41 44 64 580 579 14 15 201 176 9 64 335 704 703
__label__6	2222	335 704 703 4 188 205 19 106 133
__label__6	2223	335 704 703 4 186 189 43 40 57
__label__12	2225	1 32 205 19 106 201
__label__9	2227	14 15 163 259 270 271 271 679 66 679 62 97 65
__label__9	2228	205 19 101 48 402 541 267 290 0 403
__label__129	2346	144 147 185 8 188 150 609 143 84 221 16 218 43 40 234
__label__129	2347	609 143 55 1041 182 415 485 18 319 205 19 299 386
__label__12	2348	18 51 40 60 63 1194 177 178 1194 256 2 41 44 106 108 5 266 882 368 147 272 26 270 271 271 301 485 316 35
__label__12	2349	205 19 95 273 882 368 147 272 26 270 271 271
__label__12	2350	51 40 64 882 368 147 272 26 270 271 271
__label__12	2351	882 368 147 272 26 270 271 271 205 19 60 63 41 44
__label__9	2623	267 290 4 30 537 62 97 48
__label__9	2625	1062 759 138 767 62 97 101 48
__label__7	2628	205 19 101 48 283 210 85 593
__label__2	2629	205 19 101 48 58 105 452 453 301 751
__label__9	2631	452 453 18 51 40 73 294 175 84 85 593
__label__9	2634	154 41 543 884 883 65 205 19 177 178 102 96
__label__13	2636	0 643 21 277 305 79 22 24 18 19 94 223 329 329 22 24 144 8 447
__label__10	2637	660 16 565 50 106 201 525 29 544 328 123 36 34 42 58
__label__9	2639	543 884 883 43 40 60 63 139 44
__label__9	2644	205 19 95 273 14 15 163 259 270 271 271
__label__12	3107	59 32 700 701 43 40 107 207
__label__12	3112	0 60 63 4 41 44 18 51 40 17 23 166 108 42 1 582 249 32 873
__label__10	3185	210 254 565 50 525 205 19 133 139
__label__10	3187	18 51 40 660 16 565 50 106 201 17 42 58
__label__10	3188	565 50 592 288 2790 1521
__label__10	3191	565 50 1194 251 50 610 1156 572 559 64 29 192
__label__11	3194	205 19 60 63 872 263 41 44
__label__156	4070	197 198 64 476 36 34 122 207
__label__10	4077	205 19 101 48 141 136 4 102 96
__label__10	4078	205 19 365 366 102 96
__label__12	4080	62 97 65 1006 133 32 1 4 115 250 237
__label__12	4081	115 250 237 4 409 408 5 47
__label__12	4083	115 250 64 51 40
__label__12	4084	18 51 40 60 63 32 1 71 5 115 250
__label__1	4128	18 51 40 166 108 113 116 1381 830 858 334 100
__label__60	4304	205 19 101 39 147 272 26
__label__12	4310	172 174 168 7 176 176 189 18 51 40 16 802
__label__2	4311	290 678 58 54 166 108 55 699 90 417 41 44 43 40 234
__label__12	4312	205 19 302 536 60 63 4 1 3 41 44
__label__10	4422	43 40 48 211 212 41 44 60 63 4 328 123
__label__10	4423	747 748 102 96 144 597 42 16 572 43 40 234
__label__9	4483	205 19 301 408 697 749 194
__label__10	4484	205 19 522 110 464 446 365
__label__13	4485	18 51 40 101 48 17 67 190 26 79 3
__label__63	4501	205 19 316 35 106 132 9 384
__label__63	4506	14 15 30 755 55 97 424 9 384 100 546 127
__label__63	4612	14 15 30 755 755 384 1140 427 55 572 559 37 127 127 127 127
__label__63	4614	14 15 30 755 408 191 62 97 127
__label__63	4615	452 121 14 15 30 755 55 97 424 68 649 127 127
__label__63	4616	14 15 30 755 64 51 40
__label__63	4618	189 751 23 476 11 355 573 57
__label__63	4621	18 51 40 0 4 744 186 189 751 17 23 573 57
__label__63	4625	14 15 30 755 4 189 751 64 205 19 222 59 4
__label__63	4628	114 115 71 5 29 544 328 123 127 127 127
__label__63	4629	205 19 101 48 755 384 450 369
__label__63	4634	14 15 30 755 175 107 133 51 40 207 57 127
__label__63	4636	302 447 207 959 64 43 40 222 59 4
__label__63	4641	106 132 251 510 85 483 207 57 43 40 595 528
__label__63	4642	14 15 30 755 755 384 36 34 133 139 37
__label__63	4643	14 15 30 755 755 384 525 29 326 36 34 42 58 127
__label__63	4644	106 201 114 115 71 5 29 544 328 123
__label__63	4647	205 19 1848 1028 9 384 328 123
__label__63	4651	573 57 14 15 30 755 253 811 64 476 172 251
__label__63	4654	14 15 30 755 64 476 197 101 33 1487 41
__label__63	4660	26 338 650 195 124 126 43 40 234
__label__1	4665	18 51 40 60 63 4 41 44 62 666 445 166 108
__label__12	4668	205 19 133 139 700 701 1 3 59 32
__label__63	4669	104 407 22 24
__label__1	4671	205 19 60 63 47 32 609 209 41 44
__label__7	4712	205 19 101 33 283 210 4 85 593
__label__13	4717	205 19 580 579 79 609 117
__label__9	4719	43 40 705 236 609 143 822
__label__10	4721	102 96 205 19 208 60 42 154 41
__label__10	4722	163 66 143 130 128 36 34 11 355 365 102 96 37
__label__12	4728	18 51 40 60 63 32 1 41 44 4 328 367 166 108 115 250 237 162 1 3 17 663
__label__12	4729	205 19 90 417 32 1 183 184
__label__1	4744	205 19 101 48 762 6 7 4 41 44
__label__7	4745	205 19 101 48 365 453 85 593
__label__7	4747	41 44 92 365 453 43 40 234
__label__10	4749	51 40 64 1169 117 1467
__label__1	4751	205 19 182 1090 114 115 41 44
__label__9	4757	205 19 522 110 139 44 106 108 794
__label__1	4759	205 19 101 48 144 8 447 4 41 44
__label__3	4760	205 19 177 178 248 26 6 7
__label__1	4761	308 309 8 4 41 44 450 369 205 19 90 417
__label__7	4762	205 19 101 48 365 453 301 751
__label__16	4764	205 19 133 139 183 184 25 557
__label__4	4765	41 44 110 111 166 108 156 422 186 189 17 187 43 40 234
__label__9	4775	205 19 301 485 14 15 163 259 270 697 697 1232 594
__label__12	4780	205 19 133 139 252 297 504 503
__label__2	4787	205 19 39 153 479 254 6 7 4 58 105
__label__9	4788	205 19 101 48 0 4 816 159
__label__9	4789	205 19 133 139 0 4 816 159
__label__1	4794	205 19 177 178 606 874 522 110
__label__10	4795	205 19 285 133 660 16 565 50 763 404
__label__12	4811	1 3 699 59 32 92 95 125 12 505 1227 81 82 64 1 3 144 32 43 40 234
__label__12	4812	205 19 182 408 1 582 249 32
__label__9	4823	205 19 193 117 656 347 771 572
__label__9	4824	205 19 101 48 401 3 139 1356 720 1281 127
__label__10	4857	205 19 39 153 92 90 417 4 102 96
__label__1	4858	18 51 40 41 44 268 248 90 417
__label__3	4861	205 19 182 1090 756 548 6 7
__label__10	4884	205 19 301 485 47 50 49 516 211 212 49 504 503 1650 208
__label__4	4885	256 2 162 110 111 55 51 40 170 195
__label__1	4887	41 44 60 63 525 36 166 108 29 326
__label__179	4905	190 26 41 44 92 941 942 43 40 299 386
__label__1	5043	177 178 8 4 41 44 29 544 328 123 45 23 521 2
__label__4	5044	197 198 504 503 360 359 110 111 43 40 84 55 197 198 415
__label__9	5045	1063 1183 1062 21 17 193 43 40 234
__label__12	5046	205 19 705 236 18 1 582 504 503
__label__174	5053	205 19 6 7 829 485 828
__label__1	5059	762 6 7 4 41 44 205 19 177 178
__label__10	5145	205 19 101 48 26 45 868
__label__9	5147	205 19 290 289 14 15 163 259 4 251 231 327 79
__label__4	5149	110 111 18 51 40 84 55 402 111 403 542 648 650
__label__12	5151	60 63 1 253 41 44 268 248 409 408 105 591 1194 2160 434 1194 229 1012 491 41 44 43 40 234
__label__12	5152	205 19 101 48 402 171 113 39 1 403 286 687
__label__12	5153	18 51 40 60 63 554 1 41 44 106 108 151 23 1232 594 252
__label__12	5158	205 19 155 18 110 128 1329 103
__label__12	5160	205 19 301 485 190 26 162 147 272 26 504 503 1650 208
__label__3	5180	1 253 7 6 7 71 5 29 326
__label__3	5181	1 253 7 6 7 17 117 8 43 40 234
__label__10	5187	205 19 133 139 197 198 141 368 306 207
__label__9	5188	205 19 267 290 14 15 163 259 154 41 131 1000 54
__label__10	5196	205 19 106 1232 102 96 753 254
__label__10	5197	102 96 78 4 55 502 447 64 29 326
__label__3	5230	205 19 177 178 26 338 6 7
__label__3	5234	756 548 114 115 71 5 29 326
__label__1	5239	205 19 101 48 41 44 92 365 453 4 81 82
__label__63	5241	14 15 30 755 9 384 124 126 460 1140 531 572 189
__label__12	5343	205 19 705 236 18 32 104
__label__1	5393	18 51 40 60 63 41 44 328 106 108 84 55 472 423 130 128 401 400 260 130 128 401 400 17 398 399
__label__2	5394	205 19 101 48 58 105 290 289 328 123
__label__12	5401	205 19 301 485 1 322 1482 415
__label__176	5417	51 40 64 6 7
__label__1	5495	60 63 41 44 268 248 472 423 43 40 234
__label__9	5496	359 582 586 205 19 534 533 609 143
__label__9	7610	1063 1183 1062 106 201 29 411 124 126 43 40 234
__label__63	7833	14 15 30 755 4 387 384 268 248 251 510 85 483 43 40 234
__label__11	7852	259 501 494 885 26 58 105 80 85 43 40 234
