11,1766
14,156
21,124
42,125
59,117
62,418
64,1002
79,165
108,1401
111,225
145,404
163,226
179,421
197,1473
218,1413
222,226
241,418
245,413
247,125
253,1410
260,117
278,156
283,404
295,124
330,124
335,223
361,124
365,156
418,1004
424,1486
428,221
430,156
440,404
460,1408
469,1802
471,1413
477,1473
478,1473
482,223
483,1409
491,156
501,1472
507,117
517,124
520,1392
536,125
541,606
542,1624
555,419
567,1472
576,125
588,606
603,156
611,1002
652,114
664,193
671,155
685,194
688,606
691,1002
694,1472
722,404
730,263
735,3188
742,425
770,125
781,124
802,224
804,1473
807,224
811,156
813,223
838,125
872,124
895,1003
899,263
900,1003
903,156
905,4422
920,1471
922,1003
923,1473
941,114
953,124
965,263
968,1491
971,221
975,606
1002,165
1015,223
1033,3187
1058,226
1070,1003
1086,226
1089,1472
1110,125
1119,225
1165,1001
1193,1413
1194,1624
1197,1001
1212,166
1235,1413
1241,263
1248,1201
1251,221
1252,418
1273,226
1274,1411
1297,115
1322,1473
1345,1394
1355,999
1357,1472
1365,413
1393,158
1403,125
1417,3187
1423,1409
1439,224
1461,115
1488,1472
1502,426
1504,226
1517,426
1532,1472
1539,4795
1565,165
1578,419
1611,4423
1632,1401
1652,263
1666,225
1667,117
1686,1392
1689,156
1707,166
1708,1766
1712,1472
1715,226
1718,412
1725,412
1746,125
1750,157
1757,3191
1771,1486
1772,418
1776,1473
1781,418
1792,224
1802,224
1809,1401
1815,267
1818,1003
1822,1472
1829,125
1831,999
1846,1474
1854,117
1855,420
1862,156
1864,156
1873,2637
1875,1003
1878,1001
1879,155
1889,226
1900,606
1956,124
1963,1412
1964,165
2006,223
2008,418
2022,117
2035,1003
2038,418
2045,406
2082,117
2087,1003
2093,1002
2094,1412
2117,406
2120,226
2135,225
2137,1472
2142,418
2160,124
2171,999
2183,1471
2195,3188
2220,606
2222,999
2226,606
2252,412
2267,426
2286,125
2287,125
2291,225
2295,407
2299,4077
2305,226
2313,264
2325,226
2359,418
2364,999
2385,404
2408,418
2413,1624
2438,427
2448,226
2455,1003
2461,194
2485,1000
2486,166
2489,4423
2491,117
2492,165
2500,999
2506,125
2508,165
2529,4078
2530,1766
2551,166
2558,156
2581,226
2584,1412
2592,226
2597,404
2617,117
2622,156
2625,115
2632,117
2634,156
2637,124
2657,421
2665,125
2674,225
2686,1621
2692,1491
2693,426
2702,225
2744,1472
2746,1472
2748,1392
2757,165
2767,1624
2779,1473
2792,426
2800,223
2825,1411
2827,1473
2834,419
2835,1231
2842,1003
2845,1002
2849,226
2851,1000
2857,404
2865,404
2880,226
2881,420
2899,419
2909,1003
2917,406
2930,1000
2931,606
2939,165
2948,263
2949,1201
2962,223
2980,1472
2981,263
2982,606
2984,3191
2992,406
3004,421
3017,125
3022,409
3046,1410
3058,1001
3059,125
3062,421
3098,224
3117,1001
3122,124
3141,225
3152,226
3174,426
3182,1001
3184,1408
3188,418
3196,157
3205,264
3207,1002
3213,1410
3226,1401
3227,1802
3233,1003
3250,165
3259,1472
3267,1621
3273,426
3275,165
3277,223
3283,125
3288,117
3291,406
3294,225
3325,115
3340,421
3347,1410
3356,124
3393,125
3396,226
3405,412
3430,4422
3431,1411
3447,1394
3449,1002
3462,426
3473,1487
3483,1003
3488,1401
3498,419
3536,1401
3558,226
3573,419
3577,1003
3586,1486
3589,156
3597,125
3608,165
3615,418
3616,1394
3618,117
3630,406
3641,1473
3649,226
3657,1621
3660,606
3664,117
3676,1003
3687,413
3694,115
3697,125
3702,1410
3717,1411
3718,418
3734,271
3750,117
3757,606
3776,225
3781,1802
3785,117
3789,404
3805,413
3812,1001
3817,124
3830,409
3841,117
3865,155
3868,155
3885,115
3888,1411
3938,226
3962,1003
3965,1002
3966,411
3970,1003
3977,404
3980,165
4009,423
4011,1412
4021,1003
4040,1003
4054,165
4055,223
4082,165
4092,1486
4096,1003
4105,1413
4115,165
4144,226
4157,165
4160,225
4167,166
4189,4077
4197,1003
4206,1411
4210,4078
4218,1003
4246,606
4253,419
4272,1622
4287,264
4309,418
4318,224
4326,221
4327,226
4335,124
4363,117
4365,1621
4367,412
4402,1411
4417,403
4428,156
4434,224
4440,1413
4447,1472
4464,1802
4469,1472
4481,225
4494,156
4508,404
4518,1472
4547,1473
4567,165
4580,426
4603,402
4616,1621
4617,421
4625,1474
4637,1401
4644,125
4646,1623
4679,223
4691,426
4697,999
4727,1392
4738,155
4745,1472
4747,1413
4757,1412
4759,1473
4760,1000
4762,1473
4765,4884
4768,426
4778,1411
4790,114
4803,156
4833,223
4835,223
4837,124
4839,221
4849,1003
4865,118
4880,225
4885,4422
4893,418
4894,1333
4895,1473
4906,224
4915,418
4922,156
4927,1409
4928,226
4950,224
5002,1002
5011,1001
5017,118
5022,1002
5036,125
5064,1201
5094,1410
5099,124
5104,225
5106,225
5116,157
5117,165
5119,1624
5122,1472
5132,158
5155,165
5158,1621
5161,426
5179,156
5194,225
5207,1409
5216,1000
5230,223
5256,1002
5260,4077
5263,263
5273,419
5281,117
5291,264
5298,1486
5305,125
5319,118
5336,125
5342,404
5347,226
5354,125
5364,124
5366,1394
5371,124
5379,3188
5380,124
5381,1802
5388,224
5393,413
5405,999
5407,4078
5413,1001
5426,117
5431,156
5432,1408
5433,1410
5441,418
5449,404
5455,412
5456,165
5463,1408
5473,1002
5492,117
5507,418
5521,1333
5522,263
5538,1333
5573,124
5575,194
5580,1487
5604,224
5608,413
5611,1002
5631,226
5637,418
5648,419
5652,1411
5658,1472
5670,402
5679,165
5684,404
5687,606
5691,124
5698,1003
5701,1472
5707,1410
5718,413
5724,1409
5727,1401
5734,1001
5739,124
5770,1392
5775,1474
5794,226
5811,118
5812,1401
5826,1766
5831,226
5832,226
5837,223
5844,3187
5845,426
5858,418
5887,166
5895,226
5903,423
5928,193
5939,419
5988,165
6000,4077
6010,1472
6029,156
6034,1409
6057,999
6060,1003
6107,404
6141,1002
6152,1392
6159,117
6186,1473
6191,419
6204,115
6217,124
6218,117
6236,156
6244,225
6252,225
6256,114
6262,426
6269,223
6284,1413
6295,999
6330,225
6333,226
6337,124
6392,125
6399,124
6400,226
6405,1003
6431,1802
6434,413
6436,117
6445,402
6453,1003
6467,1409
6472,124
6477,418
6484,1408
6495,1394
6520,1473
6523,124
6527,263
6528,1002
6548,418
6557,1473
6567,264
6568,1487
6572,1003
6587,165
6611,1487
6618,419
6622,406
6650,125
6678,420
6680,418
6682,166
6689,1004
6694,1001
6713,156
6715,418
6725,124
6732,1412
6734,226
6741,156
6801,1472
6817,117
6827,1412
6829,1413
6830,606
6840,3191
6848,413
6860,4078
6876,124
6886,418
6894,425
6908,158
6933,1472
6941,1487
6956,1472
6966,263
6991,1472
7001,1411
7022,155
7036,1409
7065,1412
7074,226
7083,166
7086,1003
7099,157
7106,1473
7117,224
7119,1494
7138,165
7141,1392
7164,124
7193,1401
7195,165
7205,999
7213,223
7214,1802
7222,423
7237,999
7242,413
7260,156
7268,419
7271,1004
7284,1494
7290,406
7299,1002
7300,225
7311,124
7315,1472
7317,226
7331,999
7342,1002
7346,1410
7363,1621
7372,1621
7380,1486
7388,165
7397,156
7403,226
7430,419
7447,1486
7458,157
7462,1413
7467,1413
7469,4423
7473,221
7479,1473
7489,226
7492,125
7495,421
7516,117
7528,421
7532,125
7570,999
7573,1487
7591,117
7599,117
7626,114
7636,225
7653,156
7660,158
7682,1000
7686,193
7692,124
7701,1001
7707,225
7723,1392
7724,225
7740,1002
7763,1000
7774,418
7775,1802
7777,420
7782,225
7784,1001
7786,263
7788,1401
7793,1413
7795,158
7801,1002
7802,425
7804,1487
7823,226
7830,124
7834,4795
7835,999
7851,413
7861,124
7869,124
7874,1002
7893,124
7900,124
7910,165
7931,419
7933,606
7941,1472
7957,606
7975,124
7980,1621
7989,1472
8005,1487
8019,1408
8021,263
8027,1472
8031,156
8061,124
8069,1408
8074,999
8081,1802
8098,226
8108,1412
8113,4423
8121,226
8134,3191
8138,117
8147,1472
8155,1392
8163,1472
8175,118
8194,404
8207,156
8210,418
8218,124
8227,226
8233,999
8236,426
8267,404
8283,418
8287,264
8290,1472
8297,224
8304,1392
8317,226
8332,1413
8343,1408
8357,606
8366,158
8373,404
8386,1002
8396,125
8397,1472
8429,1409
8443,1472
8444,1392
8462,125
8473,421
8478,1472
8483,115
8505,4884
8514,117
8533,1003
8541,1412
8568,1486
8580,419
8583,1472
8603,1410
8614,117
8619,404
8646,1001
8649,421
8656,1494
8676,117
8685,156
8689,1410
8701,412
8706,1001
8717,999
8719,1002
8740,1411
8749,156
8751,125
8762,1621
8768,1408
8773,3191
8786,4749
8789,418
8794,999
8799,426
8803,1392
8806,1473
8817,1413
8832,412
8835,225
8851,1333
8856,1001
8861,263
8866,1410
8896,418
8899,404
8903,117
8908,221
8911,1413
8912,125
8915,264
8916,226
8946,225
8947,999
8952,226
8965,223
8986,1333
9002,402
9023,165
9028,3191
9029,1002
9045,1486
9051,166
9052,1002
9055,263
9061,412
9079,125
9081,165
9083,1003
9091,1624
9094,4721
9105,1001
9109,1473
9131,226
9135,223
9137,226
9141,155
9179,1472
9193,3187
9211,1003
9212,999
9218,124
9220,124
9245,1473
9257,271
9272,117
9274,1002
9282,1411
9292,4721
9296,413
9298,606
9317,2637
9329,1003
9341,225
9367,124
9371,166
9399,404
9401,264
9413,224
9432,125
9433,165
9434,999
9442,114
9447,1621
9450,263
9455,114
9458,1003
9474,1487
9475,118
9480,158
9484,117
9493,1334
9508,165
9512,606
9543,158
9550,124
9553,117
9562,124
9569,1003
9571,1001
9587,125
9594,2637
9610,165
9612,263
9615,4078
9618,1473
9619,166
9629,421
9632,421
9660,114
9681,999
9684,1001
9689,418
9693,404
9694,1409
9699,125
9713,4078
9749,226
9758,1392
9764,166
9772,156
9807,1486
9809,165
9811,1486
9827,114
9842,263
9848,156
9866,125
9870,1472
9891,419
9895,125
9903,418
9905,999
9907,124
9937,1413
9967,264
9976,404
9977,1002
9978,1473
9988,125
10000,224
10049,413
10050,118
10064,194
10067,118
10068,124
10076,125
10133,224
10134,117
10144,124
10148,125
10149,404
10155,1333
10157,3188
10173,1408
10200,263
10206,1411
10212,223
10213,157
10219,1003
10226,413
10232,165
10240,1802
10248,156
10261,115
10263,402
10283,1472
10308,1001
10332,225
10360,1001
10383,1003
10392,125
10394,193
10423,1472
10427,117
10430,1004
10432,3187
10437,114
10449,1766
10464,125
10496,1472
10515,1621
10522,265
10526,1003
10569,124
10572,226
10578,606
10596,1412
10604,1002
10621,606
10638,125
10644,226
10645,1001
10660,1394
10670,125
10693,115
10694,264
10709,404
10742,1401
10808,1001
10821,1002
10833,1473
10846,226
10855,1001
10877,124
10896,166
10921,426
10922,999
10924,402
10934,1802
10937,117
10948,1472
10990,124
10993,165
11006,418
11016,1473
11023,225
11053,226
11058,426
11072,1401
11090,413
11108,114
11112,404
11118,418
11123,125
11127,404
11132,3187
11141,1003
11145,1413
11147,1001
11154,418
11195,226
11224,999
11228,117
11259,4077
11260,1486
11261,1412
11264,118
11268,224
11270,1621
11280,999
11285,117
11301,999
11321,1474
11322,419
11327,125
11333,1001
11339,125
11341,419
11365,402
11370,1401
11386,1412
11394,4422
11404,1410
11408,1004
11411,2637
11422,1408
11427,1411
11429,114
11432,226
11438,1472
11448,221
11452,606
11462,221
11467,263
11469,156
11476,124
11479,124
11484,413
11501,223
11509,124
11510,225
11513,264
11515,1392
11547,124
11551,1392
11556,419
11568,263
11574,223
11578,156
11642,1401
11644,4077
11652,1486
11687,418
11714,1333
11749,419
11751,1412
11765,1487
11787,226
11800,165
11815,226
11819,124
11820,413
11832,413
11839,1411
11844,1621
11853,118
11856,1494
11858,226
11862,1621
11867,125
11873,1766
11887,1392
11912,125
11913,1000
11918,1334
11930,226
11937,606
11953,1401
11956,419
11972,1766
11981,419
11999,1486
12007,1002
12037,1498
12040,1486
12057,1002
12068,1003
12070,402
12072,156
12082,606
12090,165
12093,418
12117,1408
12118,1401
12121,165
12126,166
12130,1002
12136,118
12139,1486
12145,1473
12169,4077
12172,225
12175,2637
12181,426
12182,263
12195,1004
12201,1413
12214,1412
12229,158
12248,1408
12264,1413
12272,606
12273,263
12292,158
12294,1408
12317,1000
12320,223
12327,1002
12328,1003
12336,115
12341,117
12366,1004
12367,1624
12370,156
12410,606
12412,404
12413,115
12439,156
12459,4078
12463,124
12467,125
12506,1408
12521,419
12525,118
12530,1486
12538,1413
12547,1469
12568,117
12593,4078
12638,404
12645,1392
12654,224
12655,117
12657,1408
12661,224
12680,4884
12682,1412
12708,406
12712,226
12716,1472
12728,1002
12733,418
12765,1411
12768,2637
12769,263
12788,1392
12791,125
12795,1001
12822,1472
12824,224
12846,4077
12860,1002
12866,124
12872,225
12877,194
12878,115
12880,1408
12891,1472
12901,117
12924,1004
12946,155
12947,264
12949,124
12960,406
12972,1002
12978,124
13021,413
13039,264
13059,1413
13060,223
13075,1001
13076,1004
13097,224
13098,1624
13099,125
13121,1411
13149,1003
13150,4884
13154,224
13158,1472
13160,224
13163,1231
13175,124
13181,418
13185,1003
13191,226
13192,606
13219,417
13221,117
13230,223
13237,999
13245,226
13262,1413
13273,165
13274,413
13280,224
13284,418
13302,117
13313,125
13322,125
13326,606
13337,224
13340,226
13343,117
13357,226
13361,3187
13362,412
13371,1486
13374,1002
13376,419
13379,117
13385,1409
13386,263
13407,1473
13418,125
13419,117
13455,1802
13492,158
13508,1413
13513,124
13516,125
13522,117
13525,156
13561,606
13568,2637
13570,1412
13571,124
13580,117
13589,1002
13599,414
13619,1392
13648,226
13655,166
13656,124
13665,1004
13704,1002
13709,418
13711,165
13713,1401
13716,606
13734,421
13741,125
13754,1001
13755,156
13760,1413
13792,1798
13815,1201
13823,193
13830,1003
13869,606
13883,1409
13893,264
13896,406
13910,418
13911,1001
13914,2637
13929,165
13931,223
13955,4078
13967,158
13984,4078
13988,1410
13999,263
14008,1472
14021,427
14049,1401
14061,155
14067,1002
14075,1473
14090,3188
14091,165
14103,124
14104,225
14108,3188
14117,125
14124,1487
14126,1411
14131,1003
14180,1003
14187,156
14194,412
14196,606
14203,4857
14205,1491
14208,226
14209,125
14224,1411
14237,4077
14251,156
14256,1002
14258,1002
14269,999
14270,1401
14274,264
14283,1487
14284,1002
14285,117
14292,418
14294,125
14295,999
14297,1392
14298,1472
14302,418
14306,156
14327,426
14330,1002
14334,1408
14337,226
14338,1004
14342,224
14344,1001
14349,418
14350,1473
14352,412
14358,1002
14361,1798
14363,1624
14366,263
14373,224
14382,226
14386,165
14394,1003
14396,125
14403,166
14406,1002
14425,221
14442,118
14450,606
14461,117
14477,226
14493,1621
14495,156
14497,165
14500,117
14507,125
14520,224
14527,158
14529,421
14539,1003
14545,125
14553,1624
14555,1487
14561,1002
14563,117
14578,423
14599,1004
14615,404
14658,225
14666,1333
14671,166
14682,166
14751,125
14763,117
14775,1004
14778,226
14796,423
14815,412
14817,156
14820,606
14830,125
14845,225
14869,413
14876,1472
14889,1003
14897,1002
14911,1411
14919,1473
14925,1002
14928,223
14935,225
14940,1003
14951,1486
14972,402
14991,125
15004,225
15016,1000
15033,1003
15034,1473
15043,606
15060,124
15071,223
15102,225
15130,226
15148,124
15149,125
15151,1473
15165,418
15178,1003
15190,156
15199,165
15200,4422
15215,226
15221,1410
15227,1004
15243,117
15250,1487
15263,1802
15280,224
15281,1002
15291,999
15303,999
15308,4422
15323,125
15331,1473
15335,226
15343,1003
15349,1621
15362,419
15368,1409
15370,156
15390,1408
15408,404
15416,1410
15422,125
15440,224
15447,226
15460,419
15467,1411
15485,117
15491,1413
15493,124
15498,124
15514,115
15526,263
15543,263
15548,226
15552,225
15561,421
15566,166
15571,3191
15572,1003
15594,1003
15628,124
15641,225
15652,223
15661,1001
15672,404
15696,426
15701,418
15707,1003
15718,1001
15721,226
15727,426
15748,156
15752,1487
15782,166
15787,423
15801,223
15811,117
15852,1486
15853,1002
15858,3187
15870,999
15876,156
15878,156
15896,226
15900,426
15910,165
15912,402
15929,223
15941,226
15946,1411
15959,419
15966,125
15975,1392
15982,406
15985,419
15988,156
15994,226
16012,1472
16028,1333
16031,156
16033,114
16046,223
16048,1802
16057,193
16058,125
16064,165
16073,1004
16077,999
16095,1003
16099,418
16106,225
16110,263
16136,1487
16155,999
16159,1003
16175,412
16183,115
16195,452
16198,402
16200,1002
16214,418
16215,1392
16225,156
16240,1002
16251,1333
16259,1623
16271,225
16281,427
16282,1001
16292,406
16295,158
16308,1004
16342,606
16357,221
16363,426
16394,225
16413,4077
16418,413
16436,226
16437,271
16439,124
16446,1002
16452,425
16454,1411
16460,1472
16468,1802
16475,406
16478,165
16481,165
16482,423
16488,158
16495,1472
16496,3187
16507,155
16530,418
16532,1410
16549,1624
16567,156
16571,225
16579,225
16584,418
16590,193
16600,221
16613,1624
16614,452
16631,125
16666,124
16668,406
16672,1003
16680,423
16686,606
16699,1409
16700,223
16703,1413
16705,1410
16714,124
16732,226
16734,117
16742,225
16759,125
16761,1486
16768,158
16777,1392
16780,221
16795,1802
16797,125
16807,124
16826,156
16829,3187
16849,124
16855,1409
16856,1472
16882,1409
16894,124
16907,1392
16916,1411
16917,224
16921,1000
16931,4423
16932,1410
16934,3188
16939,223
16946,226
16950,117
16965,125
16973,124
16986,156
16999,165
17006,4884
17017,115
17030,1410
17031,1410
17033,165
17036,1494
17043,114
17048,156
17050,223
17078,423
17092,124
17119,156
17126,156
17148,999
17154,1486
17183,4078
17186,225
17188,125
17189,1494
17194,422
17200,1494
17219,1802
17223,125
17253,125
17254,117
17259,223
17292,1392
17296,406
17299,165
17320,156
17341,1473
17357,606
17363,1003
17365,419
17368,999
17394,226
17403,115
17416,406
17419,1002
17441,1488
17443,156
17446,223
17453,125
17456,3187
17462,125
17472,1472
17473,404
17478,1624
17497,999
17500,224
17530,1408
17544,225
17560,156
17565,1472
17613,1002
17619,226
17620,165
17621,1004
17631,4077
17641,419
17642,117
17663,1624
17670,426
17677,117
17688,3191
17691,1401
17692,1409
17696,117
17698,263
17714,156
17731,999
17737,418
17750,1472
17752,124
17757,1003
17763,1004
17767,1004
17769,263
17781,124
17800,1798
17807,263
17810,425
17817,413
17819,999
17822,117
17828,125
17842,1201
17843,421
17860,1410
17861,4857
17866,1001
17868,1472
17877,263
17879,224
17892,1802
17893,125
17899,426
17900,124
17903,1473
17911,3191
17912,409
17931,114
17941,226
17948,194
17959,1471
17974,3191
17982,117
17988,1413
18016,225
18017,226
18026,1001
18029,1413
18034,1003
18039,999
18056,418
18063,4721
18067,1002
18087,999
18091,1802
18103,1001
18104,1001
18108,1003
18146,3187
18159,1003
18164,125
18165,157
18183,2637
18194,1201
18203,427
18206,125
18211,1392
18243,117
18256,226
18261,1472
18267,115
18278,263
18300,117
18307,1412
18321,156
18344,1486
18351,3191
18373,1004
18374,165
18377,221
18398,124
18415,1410
18416,419
18418,1622
18432,226
18435,418
18444,1003
18451,1000
18496,4078
18513,226
18517,409
18527,166
18535,412
18563,225
18566,1001
18579,124
18580,1001
18588,404
18598,156
18599,1003
18646,117
18647,418
18652,999
18655,1766
18663,1473
18666,999
18688,125
18699,999
18700,264
18726,1411
18729,125
18741,124
18745,5187
18749,193
18768,1487
18774,221
18780,124
18792,1472
18816,418
18822,1411
18831,1003
18834,117
18851,3187
18855,402
18859,117
18861,271
18866,223
18868,1003
18871,404
18876,2637
18878,419
18883,413
18884,224
18886,421
18889,117
18920,264
18941,1412
18972,1487
18984,115
18985,225
18986,419
19032,117
19035,224
19042,404
19074,226
19077,156
19079,413
19081,124
19083,226
19090,1487
19096,263
19161,221
19163,1002
19193,226
19218,156
19224,1474
19226,117
19238,263
19251,3191
19258,1621
19262,223
19267,606
19361,420
19376,1486
19380,403
19381,221
19386,4078
19390,1201
19406,226
19412,1486
19431,1766
19456,156
19487,165
19495,1411
19496,225
19509,1003
19518,1472
19528,166
19541,1472
19570,426
19581,4721
19594,165
19597,402
19613,5187
19619,1002
19622,1486
19630,158
19636,124
19638,156
19643,1798
19653,1002
19660,158
19662,1732
19684,124
19687,1488
19691,165
19703,1472
19716,156
19724,117
19739,1802
19747,226
19759,420
19798,226
19806,114
19813,225
19815,1201
19817,124
19833,418
19848,427
19859,1001
19863,419
19867,418
19872,1408
19889,1413
19904,999
19911,1001
19922,1624
19931,226
19938,999
19941,407
19945,1486
19960,1001
19968,124
19992,1624
19993,226
19998,1333
19999,1472
20001,404
20015,606
20029,1472
20033,1003
20040,226
20047,226
20051,1002
20055,125
20067,1473
20071,165
20079,412
20101,194
20103,1486
20107,1766
20132,263
20141,226
20148,1392
20158,1766
20170,263
20173,117
20178,226
20187,125
20188,124
20195,426
20196,224
20200,1002
20213,165
20224,406
20227,223
20228,118
20235,155
20236,421
20260,606
20274,156
20294,419
20296,117
20297,114
20303,1003
20306,226
20315,1409
20324,999
20326,419
20331,1001
20335,223
20353,223
20364,224
20367,166
20375,606
20378,999
20387,165
20400,125
20433,223
20442,1412
20494,125
20501,1410
20513,1487
20524,3191
20528,1412
20530,1412
20534,156
20539,226
20567,165
20568,1002
20570,4423
20572,155
20583,1408
20591,155
20599,226
20600,426
20604,1802
20606,418
20624,117
20635,1001
20645,413
20656,999
20683,1003
20696,1411
20753,1487
20754,1002
20755,1472
20778,226
20779,263
20792,426
20802,118
20825,156
20826,1002
20827,418
20835,4884
20840,156
20864,124
20875,426
20880,1411
20895,418
20903,1410
20911,427
20918,1003
20929,263
20952,165
20975,165
20995,226
21012,3187
21036,1333
21045,1472
21054,267
21070,225
21096,225
21098,193
21101,418
21110,426
21113,226
21154,999
21160,226
21185,158
21188,1409
21197,223
21216,421
21225,124
21228,263
21239,124
21245,156
21251,263
21253,4078
21261,418
21267,1798
21289,606
21296,1000
21302,418
21320,404
21323,221
21330,1472
21334,418
21336,418
21354,117
21375,224
21376,404
21378,1003
21382,419
21409,225
21411,155
21413,999
21425,1333
21430,226
21435,224
21449,999
21454,165
21463,1473
21465,1002
21475,114
21477,263
21479,1001
21483,404
21486,117
21491,263
21502,117
21505,418
21513,418
21525,1487
21558,1001
21566,1624
21580,158
21586,165
21590,125
21596,156
21612,1487
21627,165
21632,226
21633,404
21635,224
21637,156
21638,1486
21658,223
21672,226
21673,156
21674,269
21689,999
21693,418
21705,226
21708,125
21732,412
21740,1766
21744,224
21759,606
21761,1494
21768,225
21771,226
21778,125
21780,226
21790,264
21814,124
21815,263
21829,1334
21830,117
21838,413
21851,426
21864,117
21867,226
21877,1486
21883,125
21909,223
21911,606
21912,1412
21914,157
21916,412
21936,4884
21947,263
21951,1473
21953,1472
21967,221
21988,418
21995,427
21997,419
22023,114
22030,4078
22032,1002
22038,224
22040,4077
22049,226
22053,427
22060,4077
22069,117
22081,1766
22104,117
22121,1002
22126,225
22130,124
22163,117
22174,407
22176,165
22181,1003
22187,1392
22188,426
22191,606
22210,225
22214,156
22217,125
22231,1472
22245,264
22274,155
22277,1413
22282,1003
22287,1411
22295,271
22311,418
22322,426
22344,1333
22352,419
22365,264
22376,606
22382,117
22399,1392
22401,221
22413,1001
22440,224
22446,1472
22463,125
22464,1764
22466,117
22483,1487
22485,223
22486,426
22498,223
22523,1401
22539,225
22544,1002
22545,1802
22557,156
22559,419
22621,1473
22628,263
22644,125
22657,413
22661,158
22670,3188
22690,114
22703,4077
22716,225
22718,413
22728,1411
22737,118
22739,124
22760,124
22770,418
22787,124
22817,404
22820,1472
22821,425
22827,223
22829,1410
22840,1001
22849,1002
22856,166
22864,419
22873,1401
22901,225
22909,1412
22913,419
22938,165
22940,1802
22944,1401
22963,264
22968,221
22978,606
22981,1621
22997,4078
22998,4423
23002,1802
23053,117
23061,606
23099,115
23101,226
23105,404
23117,1408
23120,1002
23123,426
23137,125
23142,125
23152,1003
23158,1409
23187,418
23190,263
23193,1392
23195,404
23234,1494
23246,1411
23249,2637
23253,1411
23254,124
23268,117
23271,165
23294,1003
23299,224
23305,1333
23321,263
23322,590
23325,1003
23340,1333
23358,1001
23360,156
23372,117
23374,1486
23386,124
23417,125
23430,117
23432,1412
23448,264
23455,1392
23481,419
23491,999
23508,165
23510,1473
23523,226
23539,125
23540,165
23541,226
23557,452
23560,1002
23575,452
23583,221
23596,999
23605,1471
23620,225
23636,117
23661,3187
23663,125
23688,125
23726,1003
23727,1409
23744,404
23748,1472
23757,117
23760,419
23761,118
23770,1624
23772,1001
23777,226
23785,1413
23789,418
23801,1474
23814,155
23833,124
23839,1401
23850,1471
23854,1003
23862,418
23869,156
23871,263
23886,226
23899,225
23901,1494
23913,226
23924,226
23931,606
23938,1472
23951,1408
23969,118
23988,1411
23999,1394
24035,1004
24059,124
24061,4423
24090,1412
24091,420
24096,1472
24109,221
24113,125
24137,999
24138,422
24139,1621
24149,117
24173,1333
24189,1486
24190,1002
24200,125
24207,1473
24223,1000
24233,157
24250,264
24253,117
24261,4884
24266,117
24271,117
24284,606
24288,3191
24312,1802
24322,155
24329,1472
24337,413
24340,606
24341,419
24365,226
24368,1002
24369,226
24371,193
24376,1413
24379,4078
24398,1002
24400,1624
24408,1002
24409,156
24413,1624
24422,1412
24429,124
24435,606
24438,1002
24446,263
24450,1411
24486,221
24502,1002
24505,1488
24506,124
24510,5145
24515,224
24542,117
24544,1394
24549,1001
24552,427
24554,1472
24556,404
24563,225
24569,1412
24578,263
24595,156
24614,1766
24617,156
24623,124
24636,226
24638,117
24647,1472
24649,226
24673,423
24677,117
24678,1412
24688,402
24690,1002
24701,224
24722,406
24731,125
24743,1487
24753,264
24754,124
24758,224
24781,226
24791,404
24801,426
24803,452
24808,225
24825,125
24855,2637
24866,1003
24891,165
24893,166
24901,165
24908,117
24914,1408
24922,1003
24931,606
24955,606
24958,606
24965,1413
24978,226
24986,421
24992,125
24997,117
25024,1473
25073,166
25075,226
25076,114
25082,226
25097,1394
25109,1486
25110,156
25111,1411
25113,1002
25129,999
25137,1802
25142,165
25145,1408
25147,606
25157,419
25160,225
25177,165
25180,1000
25182,263
25184,1409
25185,264
25188,1002
25198,1486
25204,221
25207,418
25211,114
25217,117
25256,4721
25268,1003
25269,4422
25299,1798
25328,418
25339,226
25345,221
25348,426
25349,124
25350,125
25357,263
25359,1401
25362,1003
25380,1411
25386,1333
25408,4749
25427,1472
25429,1764
25437,1002
25462,1413
25463,165
25472,156
25480,423
25496,1766
25501,1409
25504,1000
25505,224
25515,1766
25517,1472
25518,165
25522,125
25532,404
25595,1410
25597,158
25608,1486
25615,124
25619,419
25621,226
25626,426
25648,4857
25652,226
25676,1413
25681,124
25687,606
25692,999
25697,1622
25720,226
25721,1003
25735,165
25740,1472
25749,117
25758,1231
25759,263
25761,156
25777,4077
25778,263
25782,1002
25788,1486
25796,1392
25815,1000
25824,404
25831,264
25866,999
25892,1392
25914,1486
25930,3188
25937,115
25961,1473
25972,118
26023,223
26040,1412
26046,1412
26061,225
26064,156
26065,226
26077,225
26085,117
26087,117
26093,1003
26101,114
26105,1002
26106,418
26107,165
26112,4077
26146,1000
26149,124
26161,3187
26166,419
26170,421
26171,1003
26192,124
26203,418
26213,1002
26224,124
26232,124
26233,1624
26235,224
26244,166
26247,419
26270,413
26277,1003
26279,606
26280,1472
26288,117
26306,125
26322,406
26328,1413
26338,404
26352,421
26355,3191
26359,419
26362,423
26379,1002
26383,1621
26396,1001
26399,156
26402,226
26408,4078
26445,124
26446,1410
26449,404
26461,418
26484,155
26492,1412
26509,1003
26511,1003
26516,115
26520,412
26526,226
26532,1472
26546,156
26555,221
26559,226
26563,156
26566,223
26568,1621
26570,117
26596,115
26599,224
26646,412
26668,1621
26669,226
26680,3187
26682,404
26689,418
26696,423
26719,419
26735,225
26742,418
26751,125
26795,1410
26809,419
26819,1766
26826,999
26855,224
26864,124
26901,165
26919,1392
26925,1004
26926,124
26955,1000
26966,404
26990,4884
27007,3187
27028,1002
27033,4484
27041,156
27059,225
27061,124
27064,117
27088,124
27097,263
27107,413
27135,606
27154,1802
27165,1411
27175,1409
27183,3187
27192,1802
27216,165
27221,1401
27229,156
27238,156
27252,1413
27271,1004
27274,124
27286,223
27291,267
27292,1410
27293,413
27322,165
27329,4795
27337,225
27338,423
27346,1412
27350,1001
27357,1471
27359,1802
27396,999
27398,124
27399,156
27418,1472
27422,3187
27426,1401
27434,226
27446,156
27447,224
27467,223
27475,264
27476,165
27489,226
27498,1411
27501,223
27505,404
27506,117
27540,1413
27544,165
27546,606
27548,224
27554,124
27579,1621
27580,413
27587,1392
27601,413
27602,156
27604,1494
27623,1003
27625,413
27631,1487
27659,124
27664,117
27667,1003
27670,3191
27672,1001
27681,1002
27682,156
27688,1411
27694,1001
27702,419
27708,1472
27709,412
27719,1763
27731,413
27743,1392
27758,404
27764,1201
27773,3187
27775,1624
27781,125
27782,4077
27789,1413
27794,1411
27795,419
27808,125
27817,118
27848,412
27866,606
27870,226
27917,1472
27919,1494
27954,124
27958,1003
27970,125
27972,1472
27974,124
27976,999
27980,226
27986,1473
28001,1334
28008,1003
28009,1472
28011,418
28028,999
28035,1003
28053,114
28054,1411
28063,224
28074,1002
28076,1492
28077,426
28079,404
28113,223
28114,1412
28125,423
28128,1473
28131,226
28137,1472
28153,1392
28163,226
28169,124
28175,1412
28178,1003
28179,125
28181,263
28206,117
28220,413
28234,156
28256,1001
28264,271
28266,1410
28288,1624
28289,404
28294,413
28297,1401
28309,1392
28312,165
28316,124
28318,1472
28354,418
28359,263
28360,165
28368,156
28373,117
28374,427
28379,1473
28387,412
28389,117
28392,118
28405,419
28406,156
28427,226
28437,156
28450,125
28451,1623
28463,4077
28469,166
28492,1001
28512,418
28518,1474
28519,1492
28521,1401
28543,264
28550,999
28570,4422
28579,117
28591,421
28611,1392
28614,1201
28635,1004
28644,225
28648,226
28653,165
28656,226
28658,418
28689,224
28698,1473
28715,225
28735,418
28741,125
28752,115
28753,426
28760,1472
28762,1411
28777,418
28807,117
28813,1412
28825,1002
28827,223
28833,404
28844,413
28850,158
28856,223
28857,125
28862,224
28864,117
28876,4077
28890,1766
28893,418
28894,114
28895,114
28922,156
28929,414
28930,1472
28949,117
28971,426
28984,114
28994,1001
29008,3191
29030,115
29060,165
29065,404
29082,1409
29103,1003
29114,263
29124,226
29134,1471
29143,4423
29145,125
29149,1408
29166,1472
29175,264
29185,165
29187,225
29204,226
29207,402
29219,114
29235,226
29241,1411
29246,419
29253,1621
29257,404
29283,3191
29306,1002
29314,1003
29322,156
29327,124
29336,1002
29353,115
29360,156
29362,4795
29390,606
29391,404
29408,1473
29413,1401
29432,1411
29442,264
29457,427
29464,1412
29490,124
29501,412
29503,418
29542,226
29551,1001
29556,124
29569,263
29580,1621
29583,1412
29590,224
29605,226
29608,1472
29629,420
29690,1334
29702,165
29703,225
29720,4078
29722,193
29724,1409
29729,413
29746,1473
29747,1409
29753,606
29764,606
29768,226
29783,223
29814,1002
29815,1002
29818,124
29835,404
29849,221
29853,1802
29877,418
29881,155
29890,193
29894,223
29905,420
29916,1002
29922,1472
29935,156
29937,115
29941,117
29968,1486
29972,226
29979,226
29995,225
30009,156
30015,1411
30019,124
30038,1004
30039,221
30040,223
30041,1002
30044,1766
30059,114
30078,225
30106,125
30152,1410
30159,115
30168,117
30172,155
30189,226
30190,166
30191,125
30195,226
30205,117
30215,118
30216,606
30226,1002
30243,226
30259,419
30260,221
30263,2637
30269,156
30271,1003
30273,1802
30282,125
30297,166
30302,223
30319,1474
30330,125
30334,1003
30340,999
30347,225
30354,166
30358,1413
30361,156
30371,125
30380,1002
30382,125
30389,1201
30396,412
30402,1401
30429,1412
30431,1001
30438,1002
30439,225
30460,1409
30463,606
30470,1392
30475,117
30482,418
30486,1004
30489,1474
30506,426
30513,125
30516,4077
30517,412
30521,1472
30530,1333
30535,1409
30577,224
30585,1409
30587,1473
30630,224
30635,166
30642,117
30651,124
30668,419
30671,1002
30685,117
30698,223
30701,124
30705,1411
30734,1412
30740,114
30777,4884
30782,3191
30787,165
30792,1472
30801,1621
30809,1413
30820,1624
30833,419
30853,1409
30877,1472
30884,124
30903,124
30915,156
30919,124
30927,114
30966,156
30979,1002
30980,117
30986,421
30988,223
30989,1472
30997,1000
31007,413
31017,1003
31027,165
31031,1409
31046,999
31067,419
31083,1487
31086,1002
31096,226
31097,425
31107,606
31132,166
31152,226
31156,226
31182,606
31184,1002
31195,3187
31197,426
31200,426
31225,1412
31227,1621
31239,1003
31241,1401
31251,1798
31277,115
31295,226
31305,1392
31312,225
31316,426
31321,606
31324,156
31329,156
31346,4884
31347,426
31358,606
31381,418
31385,1000
31386,426
31400,3191
31423,117
31432,423
31442,224
31482,1412
31489,1000
31492,125
31510,4078
31532,223
31540,1333
31582,224
31585,117
31588,225
31591,156
31610,221
31612,4077
31613,125
31619,125
31627,117
31662,1413
31698,224
31699,1802
31726,1410
31738,226
31749,412
31765,1411
31768,1004
31791,412
31801,404
31807,124
31810,1003
31850,165
31854,426
31867,124
31871,263
31880,418
31885,1401
31903,1409
31906,3191
31908,117
31914,1487
31915,1413
31926,221
31935,1333
31946,999
31957,3191
31958,1487
31983,1333
31985,225
31995,1000
31996,158
32000,1392
32003,404
32009,165
32028,3191
32030,1487
32042,1392
32054,999
32060,404
32065,419
32098,1000
32132,606
32154,1494
32174,226
32186,1623
32189,223
32194,264
32196,1408
32199,404
32205,117
32212,1003
32221,1003
32237,124
32241,404
32243,1473
32249,1473
32254,409
32258,1004
32261,125
32263,1401
32266,1473
32284,1003
32300,118
32302,124
32305,125
32328,404
32335,125
32342,1409
32355,1409
32356,263
32359,999
32360,1409
32371,271
32374,225
32380,224
32385,419
32398,165
32400,413
32416,418
32432,224
32435,413
32448,1472
32456,1392
32467,1401
32470,1486
32478,606
32488,452
32497,117
32518,1003
32519,1409
32529,1411
32548,125
32550,165
32563,117
32564,124
32569,1802
32585,264
32589,427
32597,1333
32622,4884
32646,606
32682,404
32686,221
32697,226
32699,225
32701,1473
32703,125
32721,125
32724,117
32731,1408
32732,117
32733,117
32744,1003
32749,114
32760,5187
32770,225
32781,606
32807,419
32826,271
32850,223
32861,1392
32868,117
32882,1001
32884,423
32893,606
32920,5187
32928,124
32930,1000
32957,225
32973,418
32989,117
32994,223
32997,1413
33034,418
33035,1412
33036,264
33037,223
33045,3187
33069,223
33081,4078
33095,226
33096,156
33105,1002
33122,125
33127,1473
33128,426
33129,1802
33135,404
33153,1621
33159,1333
33170,165
33179,166
33183,4795
33220,4078
33224,124
33232,226
33235,1491
33260,118
33269,1469
33282,1494
33285,413
33295,1410
33300,419
33312,1002
33316,225
33320,426
33326,225
33346,1334
33358,4422
33372,117
33431,1002
33436,1000
33453,3188
33471,419
33473,223
33486,156
33487,1486
33504,418
33538,1472
33544,225
33553,114
33556,225
33559,1401
33560,1486
33565,3187
33583,225
33595,125
33623,606
33631,404
33663,124
33673,419
33677,418
33693,4422
33694,1001
33695,223
33701,1492
33706,419
33720,226
33725,117
33750,1003
33777,158
33780,420
33782,418
33786,155
33800,124
33802,1410
33827,1411
33833,426
33838,1472
33839,117
33846,117
33850,156
33874,1471
33896,156
33901,124
33904,419
33909,607
33913,125
33952,418
33968,1003
33989,115
33993,1003
33997,125
34011,1472
34017,421
34023,1624
34027,263
34038,156
34045,1333
34047,1411
34050,426
34060,1766
34072,5187
34093,224
34101,114
34113,155
34118,156
34125,165
34136,1472
34142,125
34146,124
34152,999
34169,117
34175,124
34177,226
34180,125
34184,1491
34199,124
34204,413
34212,117
34213,1000
34223,1000
34232,2637
34234,223
34248,1001
34276,4423
34281,999
34295,1412
34317,606
34318,418
34327,264
34344,118
34356,418
34357,999
34385,224
34396,1624
34399,3191
34420,402
34435,1486
34443,419
34463,1411
34486,125
34493,606
34504,4884
34508,226
34533,418
34534,606
34539,421
34540,124
34559,1472
34563,1413
34568,1003
34615,124
34620,426
34623,1003
34632,1472
34644,124
34650,117
34669,226
34676,226
34678,420
34695,999
34704,419
34720,1472
34727,117
34737,1392
34742,165
34753,1409
34769,156
34780,226
34782,1003
34787,1411
34798,1333
34804,1473
34806,118
34808,165
34816,223
34817,117
34830,263
34836,1412
34845,264
34847,1411
34858,117
34870,421
34880,157
34891,118
34909,155
34937,1472
34956,226
34957,223
34959,606
34965,1003
34966,3188
35017,124
35024,1409
35030,1003
35047,418
35050,413
35051,117
35073,225
35074,1002
35079,117
35081,224
35082,165
35100,418
35109,115
35119,1621
35128,418
35139,1408
35145,117
35147,226
35162,165
35176,124
35194,421
35212,419
35220,1000
35235,1392
35245,156
35248,1333
35250,165
35255,124
35266,223
35268,165
35283,418
35293,421
35299,1487
35303,224
35311,1471
35312,4749
35332,166
35346,166
35351,421
35365,125
35425,117
35433,263
35453,1002
35458,125
35470,165
35481,999
35491,1392
35493,1004
35495,124
35502,1401
35503,423
35506,1802
35514,3191
35523,165
35531,165
35536,1002
35593,421
35596,156
35598,165
35602,165
35604,1472
35607,1411
35608,404
35619,404
35623,418
35636,125
35661,1001
35668,157
35679,1002
35680,267
35691,124
35703,426
35712,1413
35722,1401
35726,225
35727,166
35737,165
35741,117
35755,226
35757,1766
35760,1621
35761,1411
35770,1473
35778,606
35786,419
35788,117
35794,404
35802,226
35807,124
35824,2637
35829,165
35842,226
35843,404
35849,125
35850,418
35853,1487
35876,404
35883,117
35892,1003
35905,117
35915,156
35950,1472
35952,125
35953,1409
35963,225
35969,1003
35987,3187
35996,1333
36000,606
36029,124
36037,409
36045,158
36049,418
36056,606
36075,1001
36089,226
36127,419
36159,1001
36181,402
36182,118
36183,125
36191,223
36203,1471
36209,124
36226,1413
36239,1472
36244,418
36247,225
36251,1001
36276,419
36288,269
36296,4422
36307,1001
36322,1473
36337,1411
36340,1621
36345,118
36351,165
36352,1392
36355,226
36362,606
36364,117
36365,263
36379,125
36381,1002
36386,224
36409,3191
36414,158
36430,125
36432,263
36433,158
36454,1412
36460,124
36465,426
36468,418
36473,225
36474,1766
36502,421
36524,226
36544,419
36547,1732
36553,419
36570,1413
36585,1491
36596,124
36599,264
36601,267
36602,223
36605,999
36620,418
36622,156
36625,125
36658,1004
36660,1473
36664,156
36675,226
36687,166
36689,418
36697,404
36699,117
36719,117
36721,1003
36742,1001
36764,156
36773,1411
36776,406
36797,426
36802,156
36815,165
36824,124
36832,1003
36834,606
36835,115
36849,606
36869,1004
36874,4077
36878,1473
36880,125
36883,1802
36892,419
36905,117
36908,117
36909,1472
36915,999
36921,226
36930,117
36952,117
36959,3187
36975,226
36981,115
37006,1003
37010,223
37019,156
37029,158
37037,1002
37039,419
37045,1333
37048,1472
37053,1621
37055,166
37057,117
37070,1411
37077,1766
37079,224
37087,419
37109,607
37132,419
37139,125
37149,999
37155,157
37162,221
37166,413
37184,226
37186,3187
37187,1472
37190,1412
37202,1412
37212,1473
37217,158
37221,224
37245,413
37252,406
37266,166
37271,1410
37278,1333
37293,221
37300,2637
37308,1003
37317,165
37322,156
37325,404
37336,124
37338,1003
37344,1412
37350,117
37352,124
37354,156
37356,224
37358,404
37369,403
37376,606
37399,158
37403,1624
37404,264
37406,999
37412,1411
37420,155
37424,224
37428,226
37438,226
37473,999
37474,1802
37483,165
37501,156
37538,409
37543,224
37565,1003
37571,1003
37592,419
37618,1731
37636,225
37651,1394
37662,606
37710,1413
37711,125
37713,406
37720,999
37732,226
37737,419
37750,418
37756,117
37768,1411
37772,226
37775,1004
37780,263
37789,1472
37797,158
37801,1494
37806,221
37812,419
37829,1486
37835,2128
37847,3188
37850,1408
37870,1409
37871,117
37884,264
37886,117
37888,224
37897,125
37905,115
37924,1473
37940,125
37948,267
37954,1486
37958,165
37979,418
38005,117
38021,4078
38029,125
38038,1401
38058,418
38074,1491
38091,125
38093,124
38094,413
38108,165
38114,1413
38165,1003
38186,125
38188,117
38190,1412
38238,226
38242,221
38250,1412
38254,166
38284,418
38296,1394
38306,165
38310,4422
38313,2637
38343,1003
38347,606
38356,156
38369,421
38399,4078
38401,1003
38402,117
38419,125
38439,413
38444,1486
38462,418
38465,1333
38493,124
38497,1472
38505,606
38522,4077
38531,423
38533,159
38545,1333
38548,165
38555,118
38558,165
38560,158
38564,124
38582,418
38584,1409
38587,165
38591,404
38594,156
38601,426
38604,419
38606,3188
38608,124
38634,156
38652,1732
38655,1802
38672,999
38688,124
38704,165
38706,1412
38707,226
38722,420
38747,1001
38754,1394
38760,115
38762,115
38772,2637
38775,1412
38776,226
38785,1401
38792,1333
38793,226
38801,606
38811,156
38822,263
38824,125
38836,118
38850,124
38856,125
38866,124
38867,225
38872,226
38892,264
38900,117
38908,157
38909,166
38915,166
38924,421
38937,264
38941,999
38957,1002
38965,156
38981,156
38985,1392
39000,426
39011,1002
39019,1472
39023,156
39026,124
39041,225
39050,999
39054,165
39069,156
39071,4884
39072,4857
39076,226
39077,1411
39111,1003
39116,999
39190,226
39192,402
39195,117
39199,155
39200,1472
39203,225
39221,1472
39228,1001
39254,420
39261,1411
39273,1000
39277,114
39284,117
39298,1412
39306,418
39310,1411
39327,117
39345,114
39352,156
39360,226
39390,404
39396,1409
39409,226
39414,1408
39415,1491
39431,1003
39435,221
39447,1624
39458,1002
39468,155
39483,125
39493,117
39511,117
39514,156
39530,114
39535,1473
39538,412
39540,117
39558,124
39581,165
39588,404
39599,413
39602,125
39616,1486
39635,223
39640,1491
39659,124
39660,1002
39673,3191
39681,421
39683,420
39700,426
39736,224
39737,426
39748,223
39763,3185
39768,3191
39794,263
39795,264
39802,4795
39821,125
39829,413
39843,125
39849,1334
39856,225
39871,1409
39892,419
39908,1002
39922,193
39923,225
39924,606
39926,3191
39928,1472
39931,1003
39942,426
39947,1408
39952,1334
39967,1002
39969,1003
39970,156
39975,1000
39979,606
39983,1621
39991,1410
39995,402
39996,165
40024,224
40027,4422
40031,165
40033,999
40036,225
40038,1472
40053,1621
40055,426
40074,226
40082,1002
40084,3187
40086,125
40104,223
40123,125
40124,1002
40133,404
40137,412
40138,404
40143,1494
40155,418
40170,226
40172,1471
40196,226
40198,1409
40200,418
40207,156
40209,1001
40218,1487
40220,226
40226,606
40235,2637
40243,1409
40262,125
40297,1412
40303,1408
40305,999
40306,1472
40311,1003
40315,606
40346,1624
40348,225
40355,165
40364,418
40377,1802
40386,125
40399,125
40400,1401
40405,606
40435,124
40439,1002
40455,418
40459,999
40477,1486
40485,1333
40487,117
40503,156
40506,221
40559,4721
40573,412
40586,1002
40588,1413
40590,1004
40596,2637
40603,117
40623,223
40626,404
40634,1401
40654,606
40656,264
40660,165
40674,1409
40677,165
40688,1472
40708,1413
40732,1409
40740,1392
40750,4884
40760,117
40769,4077
40774,226
40786,418
40801,165
40802,1624
40825,158
40829,124
40840,4077
40843,1472
40844,165
40852,1766
40876,1401
40883,165
40889,421
40895,1486
40906,1409
40924,1004
40928,1411
40956,124
40964,125
40982,117
40983,124
40986,1494
40990,1000
41023,226
41039,606
41047,166
41060,1408
41069,1001
41072,125
41078,999
41079,156
41081,114
41088,224
41091,421
41105,999
41113,404
41128,1624
41135,1494
41138,1732
41142,125
41153,165
41162,117
41165,1473
41176,158
41212,1002
41214,1486
41217,1002
41224,418
41231,606
41232,1004
41255,2637
41266,156
41286,418
41302,117
41314,1622
41343,156
41345,1766
41387,1494
41398,117
41423,1410
41427,4884
41428,224
41434,418
41441,426
41502,223
41509,224
41540,418
41552,118
41562,606
41577,156
41588,224
41596,1002
41606,125
41609,263
41612,418
41626,224
41629,1001
41630,423
41631,419
41632,406
41635,125
41642,1486
41675,406
41679,1413
41681,125
41711,1001
41736,158
41752,3187
41763,117
41771,4078
41773,1624
41779,606
41797,590
41800,429
41802,124
41812,606
41815,124
41817,156
41821,1002
41839,406
41854,1401
41857,419
41863,1333
41871,225
41877,225
41878,271
41884,412
41885,606
41886,221
41887,115
41890,226
41904,3187
41920,418
41924,1412
41925,3187
41934,404
41950,125
41955,1473
41959,606
41963,226
41979,118
41981,419
41984,223
41985,224
41988,224
41989,226
42002,426
42022,3188
42027,1001
42067,224
42068,156
42096,421
42104,124
42118,1486
42123,1486
42124,165
42135,124
42139,4884
42140,418
42159,1410
42171,125
42187,1412
42199,165
42218,117
42228,999
42243,166
42245,1001
42250,224
42262,1409
42270,223
42299,1413
42307,404
42308,225
42310,999
42314,1412
42340,402
42343,223
42344,4884
42365,426
42380,225
42381,418
42391,406
42413,1401
42431,125
42438,1392
42465,419
42483,1413
42484,271
42517,1472
42539,1494
42545,418
42546,418
42563,3191
42567,1472
42580,223
42595,3188
42599,224
42600,124
42616,263
42630,1333
42631,426
42649,413
42663,3191
42698,117
42700,418
42712,1472
42713,1411
42726,124
42732,419
42747,417
42752,1413
42789,226
42793,1410
42798,158
42805,264
42806,125
42814,158
42835,124
42836,125
42838,125
42869,166
42887,415
42890,418
42893,418
42896,1004
42904,224
42910,418
42924,1002
42929,114
42936,1004
42951,1004
42973,1413
42982,165
42990,124
43003,117
43009,226
43010,223
43014,1473
43016,193
43018,224
43043,225
43045,1487
43062,117
43065,999
43072,166
43078,1473
43087,1401
43114,1003
43137,156
43147,117
43151,419
43175,999
43179,404
43182,263
43206,4423
43210,194
43224,1003
43226,1002
43231,406
43233,1766
43234,221
43242,1472
43243,125
43255,419
43282,1409
43293,223
43295,124
43310,226
43318,156
43323,1472
43326,1401
43343,117
43353,221
43374,1472
43387,3191
43389,1001
43397,221
43430,156
43432,117
43440,223
43445,117
43462,156
43468,125
43476,226
43488,155
43490,1766
43491,404
43494,1401
43517,125
43521,418
43536,117
43538,404
43546,1472
43556,1410
43558,1003
43574,4422
43581,418
43584,1472
43589,226
43597,409
43600,1411
43619,1621
43622,226
43624,1004
43626,125
43639,165
43641,156
43642,1410
43646,124
43650,226
43652,606
43683,117
43701,1471
43711,165
43724,156
43728,263
43732,413
43742,1410
43743,999
43749,418
43757,165
43774,165
43806,157
43814,124
43815,223
43816,1411
43819,1802
43828,3188
43830,114
43839,226
43847,263
43855,125
43873,1412
43893,1621
43895,117
43898,404
43900,1004
43903,1002
43908,1401
43919,124
43924,223
43939,117
43962,193
43966,118
43970,117
43977,124
44008,125
44010,226
44020,1621
44053,606
44069,4795
44082,224
44085,404
44094,224
44104,225
44108,264
44110,1231
44111,224
44118,1474
44128,165
44138,117
44141,156
44163,1472
44182,1472
44200,1333
44209,117
44211,193
44223,418
44224,124
44228,155
44230,125
44247,223
44251,419
44276,418
44296,418
44305,155
44308,226
44310,166
44315,115
44316,263
44318,223
44346,1472
44352,1413
44391,452
44396,263
44405,165
44408,606
44412,125
44428,1413
44429,4422
44442,1409
44451,1472
44475,165
44481,418
44482,156
44487,1413
44488,404
44492,165
44500,1802
44513,426
44524,225
44535,999
44543,226
44549,117
44550,1392
44577,165
44581,1473
44591,124
44598,226
44602,165
44604,124
44614,418
44624,606
44638,271
44642,412
44652,155
44653,117
44663,117
44673,117
44680,404
44690,426
44693,1392
44696,124
44700,264
44702,1002
44712,263
44728,1472
44729,117
44735,117
44744,124
44747,125
44756,124
44767,406
44769,999
44804,427
44805,156
44825,1001
44846,418
44852,115
44855,419
44864,418
44871,427
44884,263
44902,155
44928,156
44933,423
44965,419
44970,406
44977,420
44980,124
44985,124
44999,1487
45005,1411
45006,193
45008,117
45035,124
45037,418
45039,226
45041,1003
45046,1413
45049,124
45056,999
45060,1411
45065,158
45081,1002
45106,999
45109,117
45117,1472
45174,1802
45180,1411
45182,125
45189,1472
45192,1392
45193,1471
45210,156
45219,418
45236,125
45237,117
45271,223
45305,418
45312,3191
45313,223
45317,1411
45320,165
45321,1409
45327,1473
45356,118
45383,115
45399,1732
45400,125
45402,418
45417,263
45430,1394
45431,1004
45438,3188
45441,156
45442,263
45445,1411
45466,156
45470,1333
45471,1004
45475,165
45476,114
45495,4077
45519,165
45527,156
45532,1472
45535,419
45536,412
45543,1000
45549,406
45555,165
45559,1003
45560,1002
45575,165
45585,1334
45598,124
45605,1411
45608,1411
45620,420
45624,264
45631,223
45661,418
45665,165
45667,125
45668,125
45670,117
45675,1002
45681,418
45682,156
45690,125
45698,264
45726,1474
45731,3191
45735,117
45740,4857
45745,426
45746,406
45760,226
45769,124
45771,226
45772,166
45782,1401
45800,117
45807,118
45809,606
45833,418
45855,1411
45866,999
45873,1003
45887,1486
45889,1473
45917,124
45933,1472
45944,999
45954,1001
45961,124
45988,418
46009,606
46041,125
46046,404
46054,1487
46076,1474
46077,117
46080,117
46088,1002
46100,117
46131,418
46139,165
46143,224
46156,221
46178,606
46185,1487
46190,226
46199,413
46212,2637
46215,223
46216,264
46217,1401
46224,1392
46228,1001
46232,117
46243,999
46280,1003
46288,1472
46292,1408
46303,1487
46316,606
46342,165
46346,125
46347,124
46356,1472
46375,4795
46386,1003
46391,1487
46395,404
46396,404
46397,1487
46405,226
46412,194
46413,221
46431,114
46439,114
46450,4077
46475,125
46477,999
46486,263
46492,125
46501,1002
46515,1410
46521,1411
46547,1201
46552,124
46554,418
46556,117
46558,165
46569,419
46574,158
46599,1471
46621,426
46627,125
46631,125
46643,124
46652,124
46670,117
46684,165
46690,114
46693,114
46704,223
46717,225
46720,156
46733,114
46737,1472
46773,117
46775,3191
46783,225
46787,1412
46801,125
46808,226
46817,418
46822,4884
46841,125
46858,156
46867,1411
46874,226
46889,1001
46909,1472
46917,125
46924,263
46937,125
46943,156
46944,1002
46959,3187
46962,264
46963,1472
46969,165
46970,125
46991,117
47026,125
47054,226
47055,166
47063,1412
47105,4077
47118,117
47120,117
47147,223
47158,263
47162,117
47169,124
47179,1001
47194,1001
47201,421
47213,1408
47221,1732
47225,1491
47234,1001
47242,117
47247,606
47265,1410
47266,267
47277,1000
47278,264
47316,1401
47324,1392
47325,118
47340,1802
47381,1473
47387,225
47391,165
47399,999
47411,165
47422,221
47433,421
47438,124
47469,1410
47491,1392
47500,606
47509,224
47516,223
47527,117
47532,125
47535,404
47548,419
47555,1411
47570,1001
47579,402
47580,124
47585,404
47590,1472
47600,4749
47614,156
47638,1392
47646,1471
47647,117
47665,1003
47683,1003
47692,1412
47696,124
47702,999
47704,1002
47708,165
47719,3188
47737,223
47747,156
47759,1473
47769,224
47774,156
47779,1766
47788,418
47791,999
47794,1002
47806,223
47815,1411
47819,1409
47852,124
47853,155
47863,1409
47883,1003
47895,403
47899,1001
47914,426
47936,226
47954,3187
47961,606
47972,1410
47986,1410
48006,117
48008,1624
48010,165
48046,1001
48047,1003
48054,158
48059,419
48080,115
48081,426
48091,999
48095,418
48096,1486
48098,425
48099,125
48105,1621
48144,404
48146,1001
48158,1410
48165,1472
48172,1401
48174,1411
48183,4884
48206,114
48211,1001
48224,418
48239,419
48242,271
48245,125
48302,1409
48310,1002
48317,1473
48318,155
48320,1333
48321,4884
48326,419
48332,418
48336,156
48340,1001
48341,1486
48355,418
48380,1498
48400,115
48418,224
48425,1411
48426,117
48448,606
48510,3187
48511,223
48515,590
48519,427
48520,1624
48529,1473
48538,1488
48543,426
48556,156
48557,114
48561,225
48569,1392
48575,1002
48580,3187
48586,271
48589,117
48618,263
48631,1472
48632,223
48645,1624
48648,117
48654,118
48684,267
48690,224
48693,124
48708,418
48710,193
48719,125
48721,413
48722,264
48726,156
48728,166
48729,221
48751,156
48753,224
48755,223
48775,1472
48788,267
48798,1410
48800,999
48813,419
48818,1392
48820,221
48821,606
48823,125
48826,999
48829,999
48840,1472
48855,421
48859,1334
48864,1494
48867,1472
48876,419
48892,125
48905,263
48908,1000
48911,1487
48923,1000
48927,418
48930,226
48934,422
48935,117
48979,404
48987,226
48995,4077
49005,271
49006,418
49015,1001
49016,4423
49046,419
49054,125
49065,452
49069,1472
49077,1001
49079,156
49086,226
49101,165
49103,413
49124,606
49150,999
49151,1004
49153,1411
49155,1472
49160,419
49161,420
49165,404
49180,413
49199,1392
49206,117
49216,1486
49282,1000
49287,193
49297,425
49319,606
49323,606
49328,1413
49334,418
49340,1413
49341,4884
49346,263
49354,1486
49369,156
49379,1473
49383,419
49393,1408
49395,158
49396,124
49411,2637
49417,156
49421,1392
49428,156
49434,404
49445,226
49457,1000
49474,3187
49476,1802
49484,224
49516,1472
49527,117
49530,3188
49536,1408
49562,1413
49566,1004
49567,165
49580,224
49583,124
49585,224
49601,606
49607,117
49623,426
49634,156
49656,226
49659,421
49677,124
49682,1401
49703,114
49724,221
49729,1002
49747,1003
49750,263
49753,223
49767,406
49773,1411
49796,1472
49802,1002
49820,124
49823,1411
49841,1624
49842,226
49847,1410
49857,263
49859,1333
49874,264
49876,223
49893,1003
49894,1802
49897,117
49906,124
49922,1002
49929,419
49930,418
49935,1002
49941,1413
49943,226
49948,1472
49976,1413
49982,1401
50034,115
50035,425
50047,223
50054,1412