16,3194
150,3194
462,167
750,3194
805,1613
808,3194
1176,1613
1192,167
1213,1613
1814,1613
1948,1613
1993,3194
1999,3194
2193,3194
2227,3194
2259,167
2281,3194
2331,1613
2341,167
2355,1613
2467,1613
2477,3194
2555,2122
2582,1613
2907,167
3400,3194
3580,1613
4025,167
4071,3194
4565,7852
4600,167
4696,3194
5004,167
5014,2120
5213,1613
6304,167
6324,3194
6449,446
6525,3194
6559,3194
6629,3194
7073,167
7963,1613
8030,167
8245,2121
8739,167
8757,3194
8778,3194
8890,1613
9059,1613
9262,1613
9354,1613
9448,2119
9577,167
9987,2119
10083,3194
10375,3194
11245,3194
11706,2123
11755,3194
11823,3194
12013,167
12371,2123
12422,1613
12889,2121
13015,1613
13563,3194
13652,2120
13880,2119
14228,3194
14320,1613
14643,167
15273,3194
15411,447
15461,3194
15602,2123
15644,1613
16036,167
16125,3194
16450,3194
17158,3194
17428,3194
17532,167
17979,3194
18201,3194
18332,167
18365,3194
18900,3194
19356,3194
19568,167
19772,446
19869,167
20109,3194
20226,1613
20437,446
20675,167
20676,167
20781,1613
20854,3194
20866,3194
20966,3194
21089,1613
21521,1613
22056,167
22247,3194
22330,1613
22888,3194
23022,3194
23503,3194
23506,2119
23703,167
23996,3194
24377,167
24841,2123
25164,3194
25425,3194
25533,167
25537,1613
25574,167
25750,1613
26133,447
26156,167
26533,1613
26686,446
27023,167
27442,1613
28095,1613
28138,1613
28376,167
28601,3194
28680,167
29581,3194
29651,1613
30331,3194
30724,3194
31454,167
31564,2121
32053,167
32280,3194
32390,1613
32598,3194
32653,1613
33305,3194
33505,3194
33867,167
34103,3194
34414,167
34608,3194
35006,3194
35315,3194
35787,167
36189,167
36565,3194
36748,1613
36979,3194
37086,1613
37146,2121
37286,1613
37407,3194
37796,2123
37873,167
38287,2119
38294,3194
38710,446
38843,2122
38878,1613
38881,167
38885,3194
38917,1613
38929,2122
39117,3194
39129,3194
39523,3194
39597,167
39619,3194
39873,167
39887,1613
40070,3194
40413,1613
40540,1613
40593,167
40917,1613
40960,1613
41084,3194
41677,2122
41917,2120
42165,1613
42296,3194
42347,3194
42382,2123
42461,167
42570,1613
42831,3194
43228,2119
43633,3194
43684,167
44056,2123
44076,1613
44682,3194
44926,167
44945,3194
45715,167
46017,167
46149,3194
46538,2120
46649,3194
46796,2121
46881,167
46946,3194
47697,3194
48127,3194
48630,167
48816,167
48866,2123
48920,167
48956,2123
49074,3194
49096,167
49185,3194
49217,3194
49312,3194
49475,167
49974,3194