9,599
25,1414
27,1414
29,589
31,1634
33,596
49,1414
78,1428
87,1414
102,2126
112,2027
128,596
140,603
146,500
149,1427
154,2127
156,1428
178,1419
210,596
211,603
234,598
242,603
244,2031
246,596
261,598
286,596
308,1454
315,2127
322,1433
323,605
334,1422
337,596
338,596
370,596
378,598
381,1433
431,605
448,2127
457,1454
458,1419
459,601
481,596
484,1433
485,500
502,601
513,596
515,596
516,2021
524,589
526,586
527,1428
531,1414
543,1414
548,2126
558,596
565,603
583,1634
597,1428
605,601
606,1454
621,596
638,1649
655,1428
663,1414
667,1420
695,596
706,598
707,1672
708,4312
729,5152
739,1426
748,1419
752,1433
753,598
759,552
762,1414
764,586
780,552
789,1672
799,598
814,2348
817,1433
820,601
825,2219
826,596
846,1414
856,1675
880,596
906,519
910,2021
915,596
924,598
947,596
951,596
954,5151
957,586
960,2350
963,1426
979,1634
988,1414
994,598
1020,1454
1026,1414
1031,598
1032,1414
1034,1414
1036,605
1040,598
1044,596
1080,1414
1090,603
1091,1429
1104,1426
1108,1426
1109,1419
1116,596
1142,1428
1145,2127
1150,1414
1153,596
1156,596
1188,596
1201,596
1205,4310
1206,1414
1208,5153
1215,1414
1226,596
1229,1426
1232,596
1234,1454
1243,596
1255,1454
1256,4668
1293,596
1307,596
1314,1414
1329,596
1334,1454
1348,1414
1353,596
1379,1414
1419,1414
1432,596
1441,603
1445,1414
1452,596
1453,1634
1462,596
1473,1426
1474,1414
1478,1426
1480,596
1503,2220
1523,1431
1527,1414
1528,1426
1531,1675
1540,603
1542,4812
1543,596
1547,596
1554,1414
1560,1672
1588,596
1589,1414
1616,5153
1628,1419
1630,1428
1647,601
1668,2031
1671,1414
1695,596
1701,1612
1705,1414
1719,1454
1724,1414
1731,1414
1754,1414
1759,603
1760,2014
1773,598
1774,2219
1775,1414
1785,1433
1793,1639
1796,1672
1805,603
1807,1414
1825,1433
1861,598
1868,2014
1872,2127
1881,596
1883,598
1888,596
1907,1428
1912,1428
1923,533
1931,596
1941,596
1943,1414
1949,2127
1959,1426
1965,1414
1984,598
1988,596
1992,1424
2004,596
2011,1414
2017,1428
2028,1414
2031,1414
2032,1454
2061,4811
2073,1672
2080,596
2095,4310
2099,1421
2104,596
2111,601
2130,598
2154,601
2163,596
2173,1674
2187,586
2198,1431
2213,500
2229,1428
2234,596
2238,1431
2242,596
2255,596
2256,596
2264,519
2276,1429
2278,596
2283,1433
2304,1414
2310,1672
2322,1427
2346,1414
2377,1428
2420,596
2427,596
2430,1414
2432,1414
2433,1672
2437,603
2439,1425
2462,603
2470,2126
2478,1427
2484,598
2490,5151
2510,2126
2511,1428
2523,5160
2532,596
2541,1433
2547,598
2548,1672
2562,1423
2566,1421
2568,596
2589,1414
2610,1672
2613,603
2628,1433
2633,1672
2640,2014
2644,596
2645,5151
2646,1427
2663,596
2666,1420
2668,596
2672,2127
2675,1425
2679,1420
2680,1454
2709,605
2714,5151
2721,5153
2724,1414
2756,2126
2764,596
2766,500
2772,1634
2773,596
2774,1426
2776,1414
2794,1414
2796,1454
2803,1414
2809,2126
2820,1414
2829,596
2837,598
2839,2030
2856,4310
2863,596
2867,596
2892,2127
2894,1422
2903,1428
2923,1414
2925,5153
2929,596
2937,596
2946,2014
2958,2014
2964,500
2969,1433
2985,596
3005,1426
3006,1427
3033,2126
3040,1414
3054,598
3055,1419
3095,1609
3121,596
3123,1609
3129,2127
3140,596
3153,1428
3168,2017
3191,1414
3197,596
3198,596
3209,5160
3234,2349
3236,4668
3265,1433
3271,1612
3278,2014
3280,2127
3290,1610
3312,596
3318,603
3324,596
3336,596
3346,2027
3350,1454
3351,2219
3384,1414
3388,596
3390,1426
3427,598
3436,1414
3464,603
3476,1610
3499,1414
3504,601
3511,596
3530,601
3533,596
3546,1431
3561,601
3565,500
3568,4080
3575,1414
3582,1414
3583,1634
3595,1414
3604,1433
3606,596
3627,596
3629,596
3635,1441
3667,596
3680,596
3682,598
3707,596
3716,596
3730,2017
3733,596
3737,1426
3739,2126
3758,2127
3763,4310
3772,2127
3779,4668
3786,2127
3793,1421
3801,1426
3802,601
3806,598
3820,2126
3821,596
3842,2021
3847,2126
3855,1414
3889,1414
3932,1454
3936,589
3942,1672
3952,601
3954,596
3956,1427
3975,4310
3988,2127
3993,5153
3995,596
4002,598
4008,1420
4032,596
4037,605
4042,596
4063,596
4065,596
4084,500
4090,1414
4100,1421
4102,598
4107,598
4109,601
4110,1414
4118,596
4125,603
4132,1672
4139,1419
4153,500
4155,1414
4164,1426
4172,1419
4185,601
4187,1414
4191,1414
4194,596
4195,500
4199,1433
4241,5151
4248,1634
4251,596
4257,596
4273,596
4276,1433
4298,596
4306,1431
4311,598
4331,1432
4336,1414
4338,1425
4340,5153
4350,552
4356,603
4374,598
4376,1426
4380,2126
4382,2220
4386,586
4403,1426
4418,1454
4419,603
4424,1420
4427,1428
4463,596
4476,1433
4478,1428
4484,1672
4486,596
4492,601
4498,1419
4512,1414
4513,596
4515,1431
4517,601
4521,552
4530,596
4532,500
4544,1419
4554,1634
4562,1609
4570,1425
4581,596
4585,1610
4590,586
4591,601
4610,1431
4627,2126
4635,1672
4664,1426
4684,603
4716,596
4720,603
4735,1414
4736,4080
4743,596
4753,2126
4755,1414
4775,2126
4776,603
4779,1414
4784,1433
4785,603
4786,2021
4812,1610
4823,598
4841,2014
4842,596
4846,1420
4848,596
4870,596
4878,1414
4879,596
4889,1441
4898,1426
4900,1414
4901,1426
4909,1414
4917,596
4943,596
4952,2027
4956,1426
4982,4310
4984,4310
4989,598
4992,596
4993,5151
5012,3112
5015,552
5016,1414
5018,601
5029,598
5042,596
5046,598
5051,1425
5062,1673
5083,1420
5084,1426
5127,1431
5138,1612
5140,1426
5160,596
5163,599
5177,596
5178,1425
5181,603
5186,596
5201,1454
5209,598
5220,2014
5231,1433
5233,605
5240,603
5250,1673
5261,596
5265,1414
5266,596
5286,1414
5293,1432
5301,603
5308,1672
5309,596
5332,1414
5339,1414
5343,598
5349,1427
5383,596
5389,601
5403,1414
5419,603
5428,596
5442,601
5445,4080
5453,1433
5458,603
5465,1419
5483,1422
5487,1672
5488,1454
5496,603
5503,603
5509,1429
5513,4080
5519,1414
5544,596
5564,596
5565,596
5581,2219
5584,500
5588,603
5593,2015
5598,1414
5622,5151
5635,4080
5646,2127
5657,2023
5672,2126
5676,596
5682,596
5706,2219
5712,598
5720,586
5732,1419
5737,596
5743,586
5744,2017
5749,2126
5756,4780
5795,1610
5813,2126
5814,2127
5824,596
5836,1433
5848,2027
5861,603
5878,603
5896,1419
5916,596
5917,1420
5922,603
5923,500
5937,1441
5940,603
5955,1634
5956,1414
5959,2127
5962,596
5971,596
5975,596
5976,1454
5986,596
6006,2220
6012,1634
6022,1414
6047,1414
6049,596
6055,596
6059,596
6068,2350
6070,603
6073,2021
6081,596
6082,1428
6083,603
6092,596
6093,1425
6101,1427
6116,596
6132,603
6147,2027
6151,596
6158,1674
6170,586
6221,598
6227,596
6237,1420
6248,603
6265,500
6266,1420
6268,596
6291,1426
6296,5151
6305,2126
6310,5151
6321,596
6328,596
6329,552
6334,1427
6341,1433
6347,2126
6361,599
6368,2031
6369,4083
6385,599
6387,603
6404,596
6408,603
6429,1414
6435,596
6452,1414
6462,603
6464,605
6468,603
6478,1609
6508,1634
6537,1414
6543,5158
6544,500
6555,603
6564,596
6571,596
6595,2126
6598,603
6599,500
6609,2349
6623,1426
6630,2127
6646,1414
6658,596
6662,1673
6666,596
6681,605
6693,596
6695,1674
6705,603
6708,601
6709,2126
6722,1441
6726,603
6739,1420
6745,1414
6746,1428
6748,1428
6749,596
6759,603
6760,4310
6766,1672
6774,596
6785,598
6804,596
6808,500
6826,1426
6841,1425
6844,586
6845,1419
6855,2127
6859,1419
6878,601
6896,5151
6907,1672
6916,596
6919,596
6932,2127
6935,2015
6948,1414
6957,597
6958,1414
6974,596
6976,1414
6988,596
6999,5151
7005,2027
7010,2021
7017,5151
7019,1433
7033,596
7048,596
7058,5151
7066,603
7068,2126
7084,596
7094,1427
7098,596
7102,1414
7125,1433
7156,500
7159,1634
7170,1414
7187,2348
7196,4080
7202,2031
7212,605
7217,596
7223,599
7225,596
7240,596
7244,596
7245,1428
7276,1433
7278,596
7297,1414
7307,1425
7326,1426
7327,603
7330,2348
7338,596
7343,1455
7354,596
7362,596
7366,1426
7367,596
7377,596
7390,596
7398,1414
7405,603
7408,1414
7440,596
7452,1428
7453,596
7454,596
7464,603
7485,1433
7487,1672
7488,596
7504,596
7509,1672
7512,1424
7522,596
7529,500
7550,1454
7560,1414
7566,2348
7567,532
7571,1414
7575,1425
7585,1429
7601,1674
7613,1414
7615,1441
7616,5151
7620,5151
7639,1414
7645,5160
7651,1414
7672,603
7673,596
7695,1428
7700,596
7702,1414
7735,603
7742,2027
7747,596
7758,2127
7792,603
7803,1427
7807,1433
7829,1426
7855,596
7857,500
7886,1428
7888,596
7899,1419
7902,596
7906,596
7920,603
7923,1414
7937,500
7943,603
7954,1454
7959,2017
7962,2127
7966,596
7969,603
7976,552
7979,1423
7981,603
7990,1425
7998,1414
8002,552
8034,1428
8059,1414
8071,1433
8087,603
8092,599
8101,1428
8106,599
8107,1433
8112,605
8143,4083
8144,2031
8167,1414
8177,1414
8181,596
8195,1414
8201,1433
8214,4080
8216,598
8224,1432
8254,603
8255,1428
8262,596
8270,596
8271,500
8282,2126
8285,586
8294,2348
8307,1428
8325,601
8331,1433
8345,2031
8353,1425
8364,1454
8367,596
8375,596
8381,1441
8393,1414
8395,598
8410,2127
8424,601
8440,1414
8451,4080
8459,2027
8467,1419
8489,2219
8490,1634
8497,596
8508,4780
8517,1423
8520,601
8523,1427
8529,1414
8534,603
8542,586
8549,596
8550,1429
8557,598
8648,2220
8666,597
8680,4080
8683,596
8710,1425
8721,1414
8730,1426
8733,605
8736,596
8737,1414
8738,2126
8743,534
8747,596
8748,596
8756,2127
8770,596
8812,1414
8814,596
8815,596
8819,1428
8844,596
8849,1672
8858,596
8865,1433
8878,1420
8885,603
8887,1428
8898,596
8933,1414
8941,1414
8949,1414
8972,596
8982,1441
8989,605
9008,603
9011,552
9015,599
9034,5153
9036,1431
9048,1427
9054,2021
9064,596
9068,601
9076,1612
9077,596
9084,500
9095,1414
9122,500
9129,601
9151,1426
9156,1414
9173,2027
9174,500
9178,1419
9192,601
9215,596
9224,1428
9234,598
9242,2030
9244,603
9248,1426
9251,596
9263,1429
9264,1427
9270,1414
9271,500
9275,1672
9320,598
9321,569
9348,603
9352,1426
9357,4080
9385,596
9417,1414
9428,1419
9437,1426
9440,596
9445,596
9451,2126
9477,596
9478,596
9486,4310
9503,1430
9509,1414
9520,603
9523,1672
9524,1672
9531,1414
9548,596
9560,1414
9574,596
9581,597
9611,598
9621,1672
9639,1419
9657,596
9671,596
9677,603
9695,1426
9731,596
9737,1421
9740,598
9741,596
9756,1414
9759,2021
9771,1414
9773,1419
9785,596
9787,1425
9810,1426
9820,500
9850,598
9857,596
9860,1414
9892,1634
9899,1427
9926,596
9932,596
9934,4080
9954,596
9960,2219
9982,4310
9998,596
10007,603
10010,4080
10012,598
10014,596
10029,2031
10036,1414
10041,500
10055,1414
10072,2219
10081,599
10094,1425
10110,598
10112,1426
10136,603
10145,596
10146,3107
10161,1428
10168,603
10181,500
10182,1428
10205,601
10214,1414
10215,1431
10229,2126
10235,1433
10243,552
10252,603
10260,596
10267,1610
10278,603
10282,2349
10286,596
10309,1419
10312,1634
10321,605
10328,596
10335,1419
10349,596
10370,598
10397,4080
10399,605
10404,1611
10408,596
10411,596
10412,1426
10421,2126
10433,1419
10435,1428
10447,1414
10452,605
10458,603
10459,596
10501,596
10514,500
10517,596
10535,601
10538,1441
10556,1427
10559,603
10564,596
10575,2014
10576,586
10580,4310
10586,2021
10587,1422
10591,1419
10608,500
10611,500
10619,603
10623,1612
10661,4080
10665,2126
10689,596
10695,605
10736,599
10756,605
10757,589
10760,4668
10772,601
10779,596
10781,603
10784,598
10813,1634
10826,603
10867,1414
10876,596
10883,596
10888,2127
10889,1428
10902,2127
10908,601
10927,596
10931,1454
10941,4310
10951,1421
10954,596
10965,596
10973,1431
10984,596
10988,1426
10991,596
11025,601
11027,1414
11029,596
11048,2017
11051,596
11093,589
11096,2014
11097,603
11099,2127
11100,596
11111,1433
11114,4081
11117,596
11130,596
11151,2030
11155,1421
11160,1414
11162,603
11165,1414
11175,1634
11181,500
11187,1426
11191,596
11205,603
11213,4080
11219,1414
11242,2348
11263,605
11266,1414
11273,596
11276,4084
11289,1426
11298,1414
11303,1426
11305,1433
11309,601
11313,2348
11328,596
11331,596
11366,1429
11381,596
11385,1428
11399,1414
11407,5160
11416,598
11419,601
11440,500
11451,2021
11453,2017
11454,1427
11461,1414
11474,1414
11477,603
11483,603
11488,596
11490,4083
11494,1673
11519,596
11521,1414
11522,598
11554,1672
11558,1414
11561,1672
11577,1428
11581,1428
11586,500
11588,1428
11594,2127
11600,1454
11603,596
11621,1414
11629,1673
11633,596
11640,601
11641,4080
11653,596
11665,2017
11673,598
11675,1634
11682,1414
11686,596
11702,4084
11704,596
11737,1454
11741,603
11762,500
11781,605
11792,598
11796,596
11798,534
11801,598
11802,603
11811,601
11816,596
11833,5153
11834,596
11837,552
11840,1455
11842,1433
11855,1414
11863,2126
11897,603
11932,2021
11947,1672
11954,605
11996,1414
11998,2127
12012,596
12018,2021
12019,1425
12030,1421
12038,2127
12055,1414
12059,1634
12060,1426
12087,2126
12094,1414
12095,1454
12100,603
12102,5151
12108,1414
12111,1674
12128,596
12134,1454
12135,596
12141,1426
12151,1414
12153,1419
12192,1414
12197,500
12200,1433
12233,1429
12237,2348
12262,586
12268,2027
12300,596
12324,603
12340,598
12347,1414
12350,596
12365,1428
12373,1639
12378,5151
12382,2127
12394,596
12399,1428
12403,2023
12408,1419
12434,596
12436,1414
12437,596
12438,596
12453,601
12458,603
12475,2126
12479,5151
12494,1433
12495,1426
12522,1419
12527,533
12532,2127
12543,596
12553,601
12556,586
12561,597
12562,596
12597,596
12603,596
12606,1441
12636,1426
12643,601
12656,2021
12660,1433
12668,596
12688,1414
12718,605
12723,596
12744,598
12752,1428
12758,596
12772,596
12776,1420
12780,601
12787,4080
12797,596
12801,586
12802,4668
12810,1428
12826,2017
12841,601
12847,603
12883,596
12886,605
12899,1414
12908,1422
12921,596
12928,603
12929,596
12932,596
12948,598
12958,5046
12959,1414
12963,1426
12965,521
12988,4312
12995,5153
13002,500
13022,598
13040,601
13054,601
13064,603
13071,1414
13072,2017
13094,598
13102,596
13137,603
13142,586
13177,1419
13178,596
13207,596
13217,2126
13235,500
13238,596
13258,500
13261,596
13269,603
13272,5151
13290,596
13304,596
13315,598
13321,2021
13335,1634
13336,1425
13341,596
13359,586
13366,1634
13368,2219
13401,1414
13409,586
13412,596
13423,1414
13443,596
13454,1427
13460,599
13469,1420
13470,596
13472,603
13473,1414
13483,1414
13485,1414
13504,1425
13515,596
13523,596
13524,603
13526,1414
13550,1428
13552,601
13572,603
13574,601
13575,1672
13592,2027
13607,500
13613,1455
13622,596
13623,1414
13624,500
13626,1428
13630,1414
13631,598
13632,1441
13649,596
13669,4080
13673,599
13696,1741
13698,596
13700,596
13712,1610
13721,1433
13737,596
13787,1414
13790,2021
13796,596
13797,601
13801,596
13802,596
13807,1426
13822,599
13824,601
13825,601
13828,500
13831,1454
13850,4080
13873,2030
13885,596
13900,4080
13908,596
13923,598
13924,596
13935,1414
13945,1414
13956,1414
13963,603
13976,596
13978,1423
13980,1414
13982,1414
13997,1414
14010,1433
14011,598
14016,1454
14019,5151
14027,596
14030,596
14031,1421
14032,1414
14045,596
14048,1428
14050,603
14054,603
14068,596
14069,500
14092,596
14096,2127
14099,598
14109,4668
14110,1414
14111,1428
14112,603
14132,1414
14133,598
14138,596
14154,1419
14171,1425
14176,1414
14182,596
14215,596
14235,1426
14273,2127
14276,4812
14291,601
14293,596
14301,596
14305,1414
14309,596
14310,1414
14313,4668
14321,603
14326,1672
14340,1414
14343,596
14369,2022
14388,1414
14392,1454
14421,1609
14426,1426
14427,1419
14428,596
14435,596
14447,2126
14455,1432
14468,596
14469,596
14478,596
14482,2127
14535,598
14546,1414
14549,1427
14566,596
14576,1428
14608,603
14625,1414
14628,596
14629,500
14632,601
14637,596
14638,1672
14640,596
14642,1428
14669,1414
14683,603
14698,601
14707,596
14711,596
14729,601
14742,1429
14759,1672
14760,596
14764,1414
14765,596
14767,1426
14772,596
14779,601
14800,596
14813,601
14849,596
14852,1454
14853,2127
14866,2219
14879,5153
14885,1414
14893,586
14894,1672
14912,521
14932,2127
14957,598
14959,596
14967,2219
14968,1426
14973,586
14974,603
14976,1454
14987,596
15000,596
15003,1421
15008,598
15017,596
15018,2014
15020,1672
15037,596
15039,596
15065,1426
15081,500
15109,1414
15160,1414
15179,598
15187,1414
15191,596
15193,596
15196,2127
15216,500
15217,2021
15223,601
15230,596
15236,1421
15237,552
15239,2127
15255,1649
15259,552
15276,601
15293,596
15369,596
15406,596
15414,603
15419,601
15420,2126
15430,4081
15462,601
15479,1420
15486,1429
15507,2127
15509,596
15515,1426
15521,1414
15525,1454
15527,1419
15533,1414
15549,2127
15557,599
15563,596
15570,1431
15588,603
15595,1414
15599,1454
15600,1425
15606,1414
15608,601
15609,605
15611,596
15616,586
15624,596
15625,2127
15630,1414
15640,603
15664,500
15674,1634
15688,500
15698,596
15715,2126
15716,596
15720,1433
15725,1612
15730,596
15732,601
15743,601
15757,597
15766,598
15779,596
15838,589
15841,596
15859,596
15877,1426
15890,1425
15901,2027
15924,596
15933,1414
15934,1414
15942,598
15945,1414
15950,1414
15957,1414
15969,2027
15980,1414
15984,533
15998,1414
16005,1414
16008,1422
16009,1414
16093,596
16098,598
16102,596
16111,596
16112,605
16117,601
16120,603
16122,1634
16134,601
16139,598
16153,603
16160,1414
16169,598
16170,1414
16171,1414
16176,596
16190,596
16203,5151
16205,1414
16211,4084
16219,596
16231,596
16257,1426
16261,1414
16267,596
16275,1414
16294,2127
16302,1414
16307,1441
16310,5151
16324,603
16350,5151
16352,1421
16354,2126
16356,500
16371,500
16380,1454
16382,1414
16383,596
16385,598
16386,552
16388,1612
16389,4080
16403,1414
16407,5151
16409,596
16414,2127
16453,596
16455,596
16458,2027
16462,601
16469,519
16471,1414
16500,596
16540,2126
16547,603
16570,596
16592,596
16602,1433
16603,1634
16609,596
16618,1454
16620,1426
16627,1420
16640,5160
16647,596
16676,1414
16688,1426
16695,500
16701,1428
16702,1426
16704,1426
16706,1419
16713,1414
16719,596
16735,603
16739,1414
16740,603
16750,603
16751,1454
16757,603
16765,5151
16788,596
16792,596
16808,1414
16851,2348
16861,1429
16873,596
16879,1454
16885,1414
16890,5151
16927,552
16928,598
16937,5151
16951,1414
16970,599
16980,598
16981,2127
17005,596
17007,603
17015,1422
17018,500
17056,1414
17057,596
17060,596
17061,598
17065,596
17068,596
17075,596
17077,1424
17086,598
17114,596
17117,1426
17118,1672
17120,1610
17123,1414
17130,596
17152,598
17165,2014
17169,1414
17185,603
17195,1414
17207,589
17225,500
17228,1426
17233,596
17241,1426
17260,1672
17261,2127
17266,4080
17273,1414
17276,1414
17287,1414
17290,1425
17316,601
17352,1419
17353,596
17360,552
17367,596
17374,1433
17375,5151
17388,1672
17436,1414
17442,500
17450,5153
17454,1414
17458,2126
17466,1414
17470,2126
17481,596
17485,596
17487,2219
17493,596
17517,1426
17523,596
17526,5151
17536,596
17550,1428
17556,1426
17567,1454
17570,1414
17579,1414
17586,1414
17594,596
17598,1414
17636,1414
17653,1433
17657,596
17667,596
17668,2127
17669,1414
17695,596
17701,2127
17703,1426
17705,1455
17719,603
17738,1612
17759,1419
17770,598
17802,596
17816,552
17823,596
17832,2126
17833,1672
17870,603
17875,1634
17876,1414
17881,500
17885,596
17887,596
17907,5151
17909,2219
17916,1433
17921,1431
17945,601
17954,598
17957,4084
17963,1433
17965,596
17967,500
17985,596
17986,2127
17994,596
18003,596
18007,596
18015,1429
18064,1634
18065,596
18071,2219
18072,5151
18075,552
18084,586
18085,1441
18099,596
18101,1414
18124,601
18130,596
18135,1419
18139,1454
18141,2030
18144,598
18156,500
18161,1428
18171,1674
18187,1414
18195,1426
18230,596
18240,1672
18244,2218
18247,598
18268,599
18279,1425
18287,1414
18297,596
18302,596
18311,4310
18314,1428
18315,2027
18323,2350
18326,596
18333,1428
18349,1421
18360,5153
18364,596
18371,596
18402,1414
18404,603
18406,596
18413,500
18431,2348
18438,1420
18441,1454
18443,596
18450,596
18453,596
18456,586
18464,596
18465,2127
18480,596
18485,1634
18491,1609
18494,1414
18509,596
18529,598
18533,1426
18545,1454
18559,500
18562,552
18581,1641
18594,1634
18608,586
18619,596
18625,1422
18630,598
18639,1454
18645,1420
18649,1414
18651,596
18672,533
18683,2014
18695,2126
18714,1427
18716,1426
18717,2027
18730,598
18747,605
18748,1428
18755,596
18757,1634
18760,1431
18761,598
18769,596
18770,1674
18777,2127
18793,601
18838,1428
18843,1414
18850,1455
18856,2015
18860,500
18872,1428
18913,1414
18918,2127
18950,1429
18952,4080
18968,1414
18970,598
18980,1414
19012,2022
19015,5151
19024,1675
19028,601
19040,596
19045,1414
19056,2126
19064,2126
19072,1414
19102,596
19122,596
19127,2015
19130,1672
19140,2126
19146,1426
19159,596
19164,2348
19213,596
19214,4310
19222,597
19227,596
19228,4668
19229,605
19244,1672
19255,521
19264,4668
19291,603
19338,596
19360,1426
19373,1454
19385,2015
19398,2127
19400,601
19404,1414
19423,500
19457,1673
19461,2127
19467,1414
19475,1428
19476,1414
19491,2027
19492,1428
19537,1433
19557,1414
19572,596
19583,596
19592,4310
19593,2126
19596,2126
19616,2022
19621,596
19631,596
19648,1428
19656,603
19657,598
19658,4728
19664,1426
19665,596
19670,1420
19678,596
19688,1421
19698,596
19705,596
19711,598
19736,596
19743,597
19745,1414
19761,1414
19767,1609
19783,603
19801,500
19856,598
19884,596
19885,1419
19906,601
19908,1426
19909,1414
19917,1419
19919,596
19926,599
19946,1421
19952,603
19962,5151
19967,1414
19972,596
19978,1425
19987,1426
19990,596
20036,1433
20053,1672
20073,603
20083,596
20090,1414
20097,1419
20099,4080
20113,598
20120,601
20137,603
20139,596
20145,1414
20151,1414
20154,605
20161,1428
20199,2127
20202,596
20215,596
20232,1423
20237,603
20242,1414
20265,1414
20283,596
20317,586
20327,1433
20347,1428
20349,2126
20369,1428
20392,601
20406,603
20414,596
20429,603
20430,1414
20443,596
20467,2030
20474,1414
20492,599
20514,500
20527,1428
20535,596
20538,1441
20552,1414
20557,596
20564,500
20566,1414
20578,596
20582,586
20609,1672
20610,1419
20617,2015
20649,598
20663,2126
20668,603
20680,1414
20682,2027
20684,596
20686,1454
20695,596
20743,1414
20763,596
20764,4812
20782,603
20785,598
20789,596
20811,603
20818,603
20820,1428
20823,597
20830,1634
20837,605
20841,1426
20842,2126
20858,596
20870,603
20909,1428
20910,603
20921,1455
20936,1672
20940,1414
20957,596
20959,601
20961,596
20963,2127
20965,601
20972,599
20987,1419
20998,596
21002,1414
21005,596
21007,596
21011,5151
21053,1454
21058,596
21069,596
21086,1414
21102,1634
21115,1672
21126,1414
21138,596
21149,599
21161,598
21183,1414
21191,1426
21194,596
21196,2127
21280,1414
21286,4310
21300,4728
21311,1672
21316,596
21328,603
21341,605
21347,1672
21362,2219
21374,1428
21385,1431
21390,596
21394,596
21397,4310
21412,586
21421,2126
21439,596
21468,596
21469,601
21478,1414
21485,605
21496,2220
21527,2127
21530,596
21532,601
21536,586
21537,1414
21577,598
21609,596
21616,596
21640,2127
21648,596
21665,2127
21667,601
21669,1454
21671,596
21681,2349
21684,5160
21690,596
21715,596
21757,603
21758,5160
21763,603
21765,2126
21772,1454
21781,1414
21787,596
21789,1414
21793,1414
21800,1414
21805,596
21806,596
21822,1414
21831,601
21842,1426
21845,2127
21848,1428
21853,1454
21855,596
21882,1414
21884,596
21886,2022
21888,500
21892,1414
21894,1414
21927,596
21931,603
21934,1414
21941,598
21945,1414
21968,1612
21975,2127
21983,596
21992,1675
22011,1612
22058,5151
22064,603
22075,5151
22076,596
22101,596
22111,1428
22113,1425
22129,2126
22144,603
22161,596
22167,603
22168,586
22171,1414
22175,1426
22178,601
22190,596
22209,1427
22240,2127
22246,1414
22264,5153
22271,1428
22278,500
22280,2021
22294,598
22332,2348
22340,596
22353,603
22362,601
22363,1414
22368,1428
22370,1455
22381,2219
22386,500
22390,552
22403,596
22410,1433
22428,596
22431,1428
22432,4080
22434,603
22450,596
22456,596
22473,1455
22474,605
22476,1428
22479,596
22481,500
22482,2127
22503,1427
22522,1455
22534,603
22562,599
22583,2348
22598,5151
22611,603
22613,1428
22629,596
22632,603
22633,1441
22636,603
22638,2127
22666,2219
22675,596
22689,596
22699,596
22727,596
22729,1427
22732,4310
22735,1428
22750,1672
22756,1427
22786,601
22807,1414
22818,596
22819,1428
22822,4728
22824,596
22853,1428
22860,1674
22889,596
22893,1428
22894,1634
22898,1414
22903,2021
22919,1414
22993,1414
22995,603
23003,598
23010,1429
23013,2126
23028,598
23035,2031
23038,552
23042,596
23043,2127
23074,596
23088,1414
23111,1675
23127,1433
23129,2127
23131,596
23203,4780
23231,4310
23238,596
23248,1634
23261,596
23264,589
23267,596
23308,1428
23324,2126
23330,5151
23338,596
23355,596
23370,596
23373,1634
23383,603
23396,1672
23412,596
23418,1425
23451,598
23454,596
23457,1414
23466,1672
23486,603
23489,599
23497,599
23502,596
23513,603
23518,603
23532,596
23537,596
23542,1634
23551,1431
23552,598
23572,596
23595,1414
23610,5151
23616,2219
23627,596
23637,603
23640,603
23655,1675
23673,1672
23681,596
23683,500
23696,2127
23697,1414
23710,1414
23714,597
23720,596
23725,500
23730,2017
23741,1414
23743,2126
23745,2126
23749,1414
23755,5153
23769,596
23774,596
23775,2126
23788,598
23792,596
23832,5160
23843,1414
23853,1414
23856,5151
23857,1419
23859,1433
23863,603
23870,1414
23872,1649
23915,2008
23929,603
23950,603
23967,500
23981,1610
24011,603
24012,1672
24018,2127
24025,1433
24041,596
24044,596
24064,586
24068,1433
24075,605
24076,1414
24085,605
24120,596
24132,1427
24150,1414
24155,1414
24176,598
24184,1414
24193,1420
24211,586
24216,603
24229,1429
24230,1431
24248,1426
24269,2027
24272,1419
24295,1414
24296,596
24304,2126
24308,1421
24319,596
24323,603
24327,1426
24350,1426
24351,1428
24367,596
24374,596
24381,2126
24389,2126
24434,1414
24441,586
24442,596
24456,603
24463,1672
24470,596
24472,1426
24473,596
24475,552
24477,4668
24489,1428
24498,601
24511,603
24517,596
24524,5153
24525,596
24538,1639
24560,2126
24562,1420
24566,596
24572,2350
24592,1427
24599,2126
24609,1414
24610,596
24618,1414
24629,596
24630,1426
24632,2348
24634,596
24640,1414
24653,1634
24657,603
24699,1454
24704,1414
24716,596
24726,1427
24742,605
24748,1428
24749,1674
24750,2127
24780,603
24793,1414
24800,598
24802,1426
24809,2127
24815,601
24818,4310
24820,596
24827,1414
24852,1414
24854,5153
24864,1433
24892,1431
24898,4080
24913,1428
24917,1454
24937,596
24942,1414
24947,1414
24961,1673
24962,500
24974,1414
24989,1454
24990,596
25004,596
25010,2127
25015,2348
25018,596
25021,500
25026,2017
25031,5153
25057,596
25077,1454
25083,598
25085,1429
25087,1430
25089,2017
25092,1428
25095,552
25105,1429
25116,1427
25120,1430
25123,2021
25143,1419
25152,5151
25170,1414
25178,596
25193,1674
25202,596
25224,596
25241,599
25250,596
25274,601
25277,598
25278,601
25282,1414
25287,2219
25308,500
25309,596
25315,1649
25319,596
25321,1414
25358,596
25366,1419
25373,596
25381,596
25388,597
25391,1428
25398,2127
25399,1610
25426,552
25438,601
25440,1428
25466,1414
25467,2127
25490,1414
25492,1432
25494,1428
25509,2219
25524,2027
25530,605
25531,2127
25561,1414
25562,1424
25566,2027
25570,596
25582,1454
25591,518
25609,2127
25611,605
25618,596
25624,603
25650,1426
25654,1454
25659,2127
25662,519
25665,599
25669,1426
25678,596
25700,596
25726,1428
25727,1414
25733,1428
25736,603
25748,1414
25754,500
25760,1420
25780,1672
25787,1673
25801,1428
25806,2127
25819,1428
25823,5153
25834,586
25836,596
25846,1431
25848,1419
25851,2027
25853,597
25854,1414
25858,1432
25876,5153
25905,1433
25920,596
25929,1414
25932,1421
25944,601
25947,1433
25952,1414
25964,1414
25976,2127
25986,1454
25992,596
25993,603
26031,596
26039,1428
26050,596
26056,589
26080,4668
26088,603
26095,1649
26109,601
26132,599
26141,596
26158,1634
26169,596
26209,5160
26220,603
26229,586
26239,598
26243,1414
26245,2127
26258,1441
26282,1414
26292,2027
26312,596
26321,1414
26326,603
26334,598
26335,601
26343,552
26345,2127
26346,1425
26351,603
26353,596
26354,2127
26360,596
26382,596
26395,596
26400,596
26404,1414
26406,2219
26414,1419
26438,1414
26457,1454
26464,1414
26477,4312
26480,596
26494,596
26503,1414
26508,1414
26534,1414
26543,598
26582,1454
26585,1419
26587,2126
26589,1639
26591,1414
26595,500
26638,596
26639,596
26652,2027
26662,1414
26667,1612
26670,596
26681,1414
26684,1672
26692,598
26694,1672
26698,1414
26700,1420
26715,586
26718,601
26722,2126
26737,534
26744,586
26758,599
26761,598
26764,5151
26771,596
26772,603
26777,598
26813,1414
26821,1428
26822,601
26825,1427
26846,2021
26847,586
26851,1634
26856,1428
26858,1414
26866,1423
26871,1423
26873,596
26896,4083
26963,598
26968,598
26987,586
26996,1414
27001,1454
27002,603
27009,1428
27015,1419
27029,5151
27048,552
27069,596
27077,596
27081,1414
27086,603
27091,603
27099,603
27100,2127
27109,1428
27117,1634
27118,598
27133,596
27150,4812
27170,589
27172,2220
27176,1414
27189,596
27194,1414
27211,599
27220,596
27227,1414
27231,500
27276,1612
27290,596
27298,596
27308,1414
27311,605
27317,1674
27321,1634
27323,4811
27340,5151
27367,1426
27376,1414
27377,4310
27382,596
27384,596
27385,597
27387,586
27389,1414
27392,596
27404,599
27405,4080
27407,1428
27409,601
27420,599
27436,601
27438,1414
27448,603
27449,589
27468,2127
27473,1426
27479,1414
27486,601
27491,1433
27504,603
27512,4728
27527,1427
27529,4080
27534,2127
27535,596
27538,599
27552,2127
27553,1428
27555,596
27559,596
27575,4081
27589,1414
27592,599
27595,1454
27600,1414
27608,1433
27609,596
27627,1420
27633,500
27641,1428
27647,596
27649,1634
27695,1427
27698,1426
27699,603
27707,1420
27714,596
27727,601
27736,1429
27749,1433
27787,596
27799,1414
27801,596
27805,2127
27814,2030
27833,2021
27845,1414
27860,1426
27861,2126
27865,596
27871,1428
27873,601
27880,603
27891,596
27893,596
27903,1612
27907,596
27908,1414
27911,1414
27921,596
27922,1672
27924,1675
27925,500
27935,2219
27939,586
27941,2014
27946,500
27948,1420
27990,596
28003,598
28012,603
28014,598
28016,2021
28043,596
28052,1432
28067,1414
28073,1428
28081,605
28085,1414
28086,596
28094,532
28101,601
28122,596
28136,596
28144,598
28151,598
28168,1414
28189,1610
28193,1433
28196,4080
28200,1414
28205,1421
28211,1426
28219,596
28242,596
28246,552
28247,2127
28259,598
28273,596
28279,4080
28281,2126
28310,2220
28311,598
28315,1433
28330,1419
28336,599
28345,2023
28353,601
28357,596
28358,1634
28377,1427
28386,598
28395,596
28401,596
28407,603
28415,2127
28436,605
28440,598
28444,5151
28447,605
28449,596
28460,1433
28462,603
28472,596
28493,2348
28520,596
28523,603
28526,596
28527,596
28540,603
28551,1414
28557,598
28566,596
28567,1431
28583,1414
28584,1649
28597,1414
28625,1419
28630,601
28645,605
28646,586
28657,1427
28665,5151
28678,1414
28716,603
28725,603
28731,2126
28732,1634
28734,596
28747,1426
28771,1433
28778,1426
28786,596
28790,4080
28801,2127
28803,598
28814,1433
28818,1428
28821,599
28875,1428
28879,1420
28881,596
28882,1672
28883,596
28886,596
28888,1433
28909,1433
28951,1425
28963,1672
28964,1414
28974,603
28978,1433
28990,1428
28992,598
28998,601
29010,596
29031,500
29032,1441
29039,598
29042,2127
29050,1414
29058,1414
29062,596
29066,1414
29069,4812
29075,5151
29084,603
29085,552
29095,596
29133,596
29135,603
29141,1426
29161,1426
29171,1673
29173,603
29177,2126
29188,1426
29189,596
29201,1454
29223,1672
29227,596
29262,603
29265,1414
29266,596
29270,5151
29279,1426
29290,2127
29310,552
29332,603
29347,598
29348,601
29350,1426
29396,1414
29398,598
29416,2127
29456,598
29460,500
29462,598
29463,601
29488,1426
29531,596
29544,1634
29566,2127
29574,596
29587,598
29588,596
29597,5160
29617,596
29622,1414
29624,601
29645,596
29649,596
29650,2126
29672,1423
29675,1428
29686,605
29691,1426
29694,603
29704,596
29708,500
29716,1427
29727,500
29732,1426
29740,596
29742,1427
29752,596
29789,1414
29798,1612
29800,596
29803,596
29813,601
29825,596
29830,1428
29831,1454
29836,603
29844,500
29846,1427
29847,1634
29858,5343
29896,596
29915,1426
29939,2127
29960,2126
29992,1426
30004,1414
30020,1634
30021,596
30025,603
30033,552
30034,1414
30036,1428
30063,596
30064,1414
30068,2127
30070,1414
30088,596
30089,2127
30101,598
30119,603
30134,596
30135,603
30136,1414
30141,2127
30161,500
30181,500
30203,603
30217,603
30224,586
30227,1673
30240,603
30252,605
30294,1428
30303,2127
30309,596
30312,1414
30315,596
30323,1414
30324,596
30332,5151
30335,1414
30359,2127
30366,1426
30369,596
30379,1414
30395,4310
30398,599
30400,596
30411,1414
30424,603
30451,500
30454,596
30456,552
30459,598
30469,598
30478,2126
30480,1426
30497,2021
30498,596
30500,596
30510,2126
30512,596
30526,603
30549,1433
30563,1674
30566,1414
30567,599
30573,4081
30607,596
30613,596
30617,598
30618,603
30627,598
30637,596
30663,1426
30707,596
30711,1431
30717,4080
30720,603
30721,1424
30729,596
30733,599
30737,603
30742,1414
30762,596
30776,5151
30789,500
30796,500
30797,2127
30799,603
30814,596
30832,601
30842,601
30845,1414
30860,1672
30862,596
30870,2127
30885,598
30893,605
30896,603
30900,603
30904,596
30923,603
30926,596
30936,1422
30949,1634
30950,1441
30951,4728
30963,603
30969,596
30973,1414
30981,596
30996,1672
31004,1428
31012,603
31016,596
31045,598
31048,1414
31052,1414
31064,1428
31077,598
31085,601
31093,5153
31104,1420
31110,598
31118,596
31121,1414
31131,596
31137,1419
31139,2348
31153,1634
31164,1414
31166,1414
31194,1426
31230,552
31231,596
31232,1414
31234,1414
31247,1672
31263,4668
31266,596
31287,1414
31291,586
31304,603
31308,601
31310,2014
31322,1634
31336,1414
31348,1428
31353,596
31374,1414
31392,5153
31403,596
31414,2127
31418,1427
31420,596
31426,1672
31427,1672
31434,2126
31440,2014
31451,1634
31474,1424
31475,603
31477,1673
31483,1414
31490,601
31498,1426
31504,2017
31511,2127
31513,1433
31516,5151
31523,1420
31558,603
31562,2017
31573,597
31574,597
31583,1414
31624,2017
31637,1414
31644,605
31661,598
31669,1421
31677,603
31695,597
31706,1414
31710,1414
31718,596
31728,1454
31734,596
31743,1454
31752,1426
31754,596
31767,500
31778,552
31782,1431
31809,601
31820,598
31823,1414
31835,1612
31837,1414
31840,1441
31861,596
31883,1672
31884,500
31886,533
31887,2348
31889,599
31900,1433
31924,596
31928,598
31931,520
31936,596
31955,5160
31988,596
32007,552
32027,596
32048,1634
32052,596
32073,603
32095,596
32112,500
32113,1414
32134,1414
32146,1441
32170,596
32182,2021
32187,1414
32203,596
32218,596
32231,1421
32246,601
32248,599
32255,1433
32264,2219
32267,596
32273,596
32277,1414
32285,596
32286,605
32294,2126
32295,596
32310,1419
32320,596
32345,1420
32357,598
32381,1428
32403,596
32410,1414
32451,601
32485,1419
32487,596
32511,596
32515,603
32525,1420
32527,1428
32532,596
32571,596
32578,586
32584,596
32602,2126
32607,5153
32610,2348
32618,1414
32640,597
32645,603
32658,596
32667,603
32669,603
32671,1427
32681,596
32700,599
32704,1426
32738,1426
32742,596
32745,1454
32746,1414
32783,1426
32792,1414
32796,1419
32803,2349
32804,1611
32805,4812
32815,1414
32816,603
32819,596
32846,603
32862,596
32870,1672
32881,1609
32887,1454
32895,1429
32898,1414
32945,1414
32947,1454
32955,596
32965,1414
32975,5151
32976,596
32983,586
32987,1414
32998,1428
33024,4084
33030,603
33047,1428
33073,596
33094,1426
33098,1419
33126,598
33144,4310
33148,1414
33154,5151
33160,597
33161,5151
33166,596
33189,596
33208,596
33240,533
33245,1433
33248,1414
33263,598
33283,2349
33293,1425
33299,2127
33310,1433
33319,1414
33325,1414
33335,605
33344,1672
33351,1426
33364,1674
33385,1420
33388,1414
33398,1426
33410,1454
33417,1421
33420,598
33421,1428
33422,601
33423,596
33444,596
33448,2348
33475,605
33477,596
33496,4310
33516,596
33526,596
33532,1414
33537,596
33541,1419
33546,2127
33552,596
33571,1414
33582,596
33591,603
33603,1414
33612,1433
33622,4310
33626,601
33630,1420
33640,596
33646,596
33650,534
33658,603
33666,596
33675,1433
33682,552
33684,596
33691,2126
33700,596
33729,1414
33745,596
33754,596
33759,1428
33766,1414
33770,1426
33796,603
33804,1414
33807,1414
33812,2030
33818,552
33822,605
33855,2127
33861,1672
33870,1414
33877,1414
33880,596
33892,500
33902,603
33911,2126
33916,4668
33926,597
33927,552
33931,596
33939,2219
33941,599
33950,596
33974,1414
33983,596
33991,596
33994,1414
33998,603
34000,603
34001,2126
34007,1414
34018,598
34019,1426
34021,603
34035,1414
34037,1426
34039,596
34057,596
34066,5153
34091,598
34095,601
34102,596
34104,552
34115,1672
34116,596
34134,596
34144,2219
34150,1419
34154,596
34165,1426
34168,2030
34191,596
34200,586
34202,598
34206,1414
34219,500
34226,596
34236,601
34241,1428
34242,1433
34244,1414
34263,1414
34266,1414
34271,603
34287,596
34296,1634
34313,1672
34328,598
34335,596
34338,596
34346,1454
34349,596
34362,1672
34363,1649
34364,601
34368,1428
34373,1423
34381,1414
34384,598
34386,2126
34395,1672
34400,596
34402,1441
34403,1414
34404,552
34418,4728
34448,2127
34450,1426
34462,1454
34468,596
34476,5151
34478,2126
34496,1422
34499,1672
34500,605
34528,1425
34566,596
34585,586
34587,603
34594,596
34598,1414
34605,601
34606,601
34612,4080
34614,596
34628,1454
34629,1419
34630,2027
34634,596
34635,605
34639,1428
34647,1432
34654,603
34700,1414
34713,1414
34723,569
34729,603
34759,1420
34771,601
34772,1420
34792,1414
34810,603
34828,596
34829,596
34833,598
34834,601
34850,598
34851,500
34853,1611
34876,500
34877,596
34882,598
34890,596
34900,596
34939,1414
34944,596
34964,597
34990,1414
34993,2021
34994,1414
34997,1672
35025,596
35034,601
35035,1419
35048,4083
35065,1419
35077,1428
35094,596
35108,1414
35113,2127
35122,5153
35134,2127
35151,586
35153,596
35163,596
35169,1454
35170,1414
35171,599
35178,5151
35201,596
35208,500
35209,1414
35222,5153
35230,1414
35232,1672
35249,4728
35251,1414
35261,596
35263,500
35269,1433
35289,1426
35302,1426
35310,500
35319,596
35327,2127
35343,2031
35355,4080
35360,1433
35361,2014
35364,598
35366,532
35377,596
35404,1426
35405,596
35423,596
35448,1426
35466,603
35489,1634
35498,5151
35504,1433
35512,1414
35540,1414
35550,1414
35564,596
35568,596
35570,603
35573,1609
35575,1427
35588,500
35592,603
35625,596
35641,1414
35654,5160
35660,603
35671,1414
35676,2031
35687,598
35698,596
35710,596
35711,1414
35714,603
35723,1414
35730,598
35738,598
35765,601
35774,1414
35777,596
35782,2126
35818,1414
35822,599
35838,596
35862,596
35866,5151
35872,1610
35874,601
35897,1672
35899,1428
35904,603
35909,596
35918,1610
35923,1427
35928,1426
35936,1610
35940,1428
35941,596
35956,596
35977,596
35978,601
35979,1672
35992,1426
36006,4080
36012,596
36018,1427
36031,4812
36077,596
36080,1425
36124,1420
36143,601
36156,596
36184,596
36194,1428
36195,1414
36196,1634
36198,2126
36213,5151
36218,2014
36224,598
36232,1428
36234,1612
36242,1634
36260,1428
36274,1672
36278,596
36280,1414
36281,603
36286,1414
36317,601
36320,596
36341,4080
36344,1428
36368,598
36372,1421
36373,596
36436,1428
36438,596
36442,603
36458,1672
36462,500
36469,1421
36471,598
36472,1431
36477,596
36485,596
36491,1414
36503,2126
36504,596
36505,1414
36510,596
36528,1441
36550,596
36555,1414
36579,598
36594,603
36607,1649
36618,1414
36626,598
36654,596
36702,596
36707,596
36750,1649
36763,5151
36769,500
36772,1641
36785,596
36787,2348
36790,2219
36807,596
36817,1425
36825,4310
36831,1672
36836,1414
36845,1427
36853,4080
36879,1432
36888,601
36890,603
36891,5151
36898,598
36913,5151
36918,1610
36926,596
36940,603
36994,1414
37004,4811
37007,1414
37027,586
37032,596
37033,601
37047,1432
37054,500
37061,596
37062,603
37069,1414
37074,2348
37088,1414
37098,596
37120,598
37131,1455
37136,1414
37147,5151
37150,2017
37163,1672
37177,596
37188,596
37199,1433
37210,1424
37215,1414
37224,1414
37237,598
37268,596
37269,1441
37276,1428
37281,597
37290,603
37296,500
37299,1414
37332,1420
37334,500
37335,1424
37337,1414
37343,1419
37363,596
37382,596
37388,596
37394,1414
37402,4080
37411,2126
37433,601
37444,1431
37452,1421
37470,598
37502,601
37504,1426
37508,2127
37509,1454
37523,596
37527,2127
37542,603
37549,500
37556,5152
37557,1428
37559,598
37564,596
37568,1672
37581,603
37582,5343
37585,596
37587,2219
37599,598
37606,5151
37610,603
37613,1429
37616,598
37620,1414
37637,596
37641,1414
37646,2031
37649,1414
37656,1414
37660,1414
37668,1634
37672,1441
37681,1414
37683,596
37702,601
37703,599
37721,1612
37726,596
37733,1454
37736,596
37740,598
37744,596
37749,1672
37758,586
37787,1414
37803,603
37821,500
37828,4310
37893,2351
37899,2219
37900,1423
37915,603
37938,596
37949,500
37956,1414
37967,599
37978,1421
37991,1420
38000,601
38024,1433
38025,1428
38049,596
38053,603
38055,2126
38071,596
38084,596
38092,596
38095,1672
38096,1433
38102,596
38104,2127
38107,596
38115,2021
38129,2219
38131,1414
38134,596
38145,596
38154,596
38157,605
38173,596
38183,500
38189,601
38210,596
38240,2126
38251,1634
38253,596
38283,2031
38285,596
38293,4080
38311,5151
38323,5151
38326,1414
38327,2015
38346,1421
38357,596
38371,596
38374,603
38376,596
38381,552
38384,1428
38410,1428
38416,1414
38422,1433
38436,596
38460,5151
38469,1414
38470,4811
38490,596
38504,2014
38512,2127
38551,1419
38570,1428
38578,596
38592,596
38605,603
38612,596
38619,596
38620,603
38622,1414
38624,596
38625,601
38646,596
38650,596
38653,1672
38671,596
38687,1428
38690,1414
38693,1427
38696,500
38726,1414
38755,596
38796,1423
38820,598
38823,1414
38833,603
38834,601
38852,596
38854,4811
38857,603
38863,4083
38905,603
38925,596
38932,1414
38946,603
38947,2015
38955,596
38972,2030
38984,1672
38990,596
38995,596
38998,1414
39012,596
39028,596
39035,596
39036,596
39049,2127
39052,598
39056,4080
39058,1414
39083,1433
39089,1426
39098,1433
39115,601
39119,5151
39131,601
39152,603
39179,603
39180,601
39219,596
39230,589
39233,4080
39238,1433
39239,596
39242,596
39246,598
39288,1428
39293,598
39302,599
39315,1414
39318,596
39320,598
39321,603
39334,5153
39347,603
39354,603
39372,1433
39388,1672
39393,596
39399,1428
39407,2348
39423,1431
39424,1414
39433,599
39449,596
39451,2127
39452,1454
39465,596
39474,5151
39521,2017
39526,596
39528,2017
39529,1433
39546,586
39548,598
39573,500
39591,596
39608,1641
39612,1672
39623,603
39624,596
39625,603
39627,596
39639,596
39650,596
39658,586
39669,1612
39691,500
39701,4080
39703,596
39716,1419
39726,596
39735,596
39743,597
39745,598
39773,500
39790,4080
39793,2127
39811,1414
39820,2127
39826,586
39839,1414
39847,1414
39851,596
39863,596
39875,500
39878,601
39882,1419
39885,596
39897,1597
39906,1428
39916,2014
39938,500
39939,596
39957,601
39963,2127
39982,586
39990,1430
40004,1426
40006,5153
40023,1421
40034,1428
40035,596
40047,1433
40091,1414
40100,1426
40115,5151
40118,1414
40135,4080
40148,603
40160,596
40168,601
40179,605
40180,552
40191,598
40212,1414
40222,2015
40224,586
40240,598
40264,596
40266,1454
40269,1454
40270,598
40273,1428
40276,596
40289,596
40290,1414
40294,1426
40329,596
40332,596
40345,1414
40347,1414
40353,603
40354,596
40368,596
40369,596
40373,603
40382,598
40383,1414
40384,1414
40389,5151
40395,2219
40396,596
40427,603
40430,598
40433,4310
40441,603
40454,601
40460,1414
40462,1634
40464,1414
40467,1426
40509,1421
40514,1414
40531,1414
40532,596
40548,2219
40552,601
40560,2127
40594,596
40599,596
40601,1432
40604,5153
40612,601
40624,5151
40628,1414
40630,586
40644,5151
40675,1420
40684,596
40690,596
40693,1454
40714,1414
40763,1414
40770,596
40790,598
40792,596
40799,596
40809,1425
40817,1672
40819,596
40820,596
40823,601
40830,1420
40842,603
40856,596
40862,605
40887,1454
40899,596
40912,598
40915,2219
40926,1610
40931,596
40936,596
40957,597
40959,596
40963,1420
40968,1419
40976,1426
40979,5153
41005,1414
41020,1414
41032,596
41042,1414
41044,596
41057,1428
41063,596
41064,4310
41066,598
41080,2030
41083,4728
41094,596
41095,598
41100,1414
41101,598
41107,596
41127,5151
41170,596
41177,596
41196,2014
41203,1421
41237,1454
41245,5153
41257,1414
41261,1433
41267,5151
41281,500
41307,1612
41308,596
41309,2127
41318,1414
41320,1612
41329,596
41340,1420
41344,598
41350,1419
41359,603
41370,2126
41374,2014
41396,601
41406,603
41408,596
41411,596
41436,2348
41451,2219
41454,1414
41475,1422
41488,597
41526,1428
41527,2014
41541,1414
41557,2126
41561,500
41564,2219
41565,1414
41568,1414
41571,1426
41573,603
41574,500
41575,1414
41580,2127
41585,603
41587,596
41592,603
41615,596
41639,1414
41660,1414
41663,1420
41670,1426
41685,4080
41688,596
41714,1425
41780,603
41792,5151
41806,596
41826,500
41828,596
41829,598
41831,596
41836,2126
41843,596
41852,596
41865,1672
41868,1433
41869,596
41875,2127
41879,1424
41881,596
41910,2127
41940,1428
41941,605
41957,596
41966,1426
41972,596
41980,601
42001,2127
42016,598
42029,1428
42030,2126
42039,500
42055,596
42080,552
42081,1649
42087,1414
42094,596
42097,515
42101,1431
42143,596
42144,596
42147,1426
42151,3107
42155,1672
42164,500
42167,596
42173,603
42179,1649
42213,596
42223,2126
42227,605
42230,2126
42233,2021
42255,1441
42291,586
42316,596
42320,2219
42334,1431
42336,5151
42339,500
42346,596
42350,601
42394,603
42424,596
42455,1612
42464,4668
42470,2126
42488,601
42492,2023
42494,596
42498,603
42522,1422
42534,605
42557,596
42558,596
42572,603
42577,601
42588,1428
42611,1433
42623,1420
42628,596
42632,1414
42634,1609
42635,2127
42655,2126
42656,596
42664,1428
42674,1414
42677,1419
42684,1426
42685,596
42705,596
42725,2126
42728,601
42734,1423
42753,1419
42765,1414
42769,2219
42770,603
42788,1426
42801,1426
42827,1634
42840,596
42851,601
42853,601
42867,5401
42872,596
42892,601
42897,1609
42915,4080
42916,1634
42920,1428
42940,1414
42942,598
42955,601
42959,4310
42961,596
42963,1428
42964,1414
42991,1423
42993,596
43002,1428
43004,1433
43017,596
43025,1441
43046,1428
43060,1433
43089,1414
43092,596
43123,596
43142,603
43155,603
43163,596
43169,1454
43171,1414
43173,1414
43176,2127
43193,4080
43201,596
43211,596
43216,3107
43249,1425
43256,596
43259,1455
43307,2126
43322,598
43327,5151
43337,598
43351,603
43352,5151
43361,596
43367,1672
43379,1414
43382,1441
43388,1431
43392,4668
43393,601
43407,599
43416,2219
43436,596
43443,4812
43446,1414
43489,1414
43505,500
43516,586
43519,2031
43557,500
43566,596
43570,1426
43577,1421
43593,598
43601,598
43602,605
43617,598
43623,1634
43644,1414
43645,603
43647,5153
43663,2126
43670,1414
43672,601
43680,1421
43681,1454
43682,601
43691,2015
43699,1414
43700,1425
43707,596
43731,596
43738,1429
43739,596
43745,1426
43746,1454
43747,1422
43750,1428
43767,603
43788,1414
43794,1634
43796,1634
43805,603
43809,586
43813,603
43831,596
43845,603
43852,605
43883,603
43888,1426
43911,2219
43912,597
43915,1610
43918,2014
43936,2127
43942,596
43957,1634
43959,596
43964,4084
43996,2219
44000,2127
44026,596
44028,1414
44035,1429
44036,552
44044,599
44046,599
44055,1414
44068,1414
44078,1414
44125,601
44131,596
44134,596
44137,2348
44140,596
44164,601
44167,1422
44168,1634
44191,1426
44197,1420
44212,598
44215,596
44227,1428
44246,603
44250,2126
44255,5151
44260,596
44282,2126
44298,1414
44332,1414
44335,596
44339,596
44377,5151
44381,1428
44384,1425
44394,601
44398,1426
44411,1426
44427,603
44434,605
44448,2127
44468,598
44469,1634
44480,4668
44484,1441
44528,605
44538,1426
44540,5153
44541,1429
44554,500
44570,599
44574,5151
44579,601
44580,596
44583,596
44590,1414
44599,2126
44626,1455
44628,1414
44630,1428
44646,1428
44674,2219
44683,596
44716,596
44722,596
44731,2027
44733,500
44734,2127
44750,552
44758,2127
44764,596
44776,1414
44779,601
44783,1454
44788,1420
44792,1428
44821,1414
44822,1414
44823,603
44840,597
44860,2219
44861,601
44879,1432
44901,596
44903,1425
44922,596
44929,1414
44937,2219
44946,1612
44948,1672
44961,1674
44962,1454
44963,1414
44993,4310
44995,598
44997,603
45019,603
45027,605
45028,603
45029,2126
45033,603
45034,1414
45051,1454
45053,2219
45063,1414
45064,2014
45077,596
45090,596
45099,599
45105,1609
45111,1414
45124,598
45136,1426
45142,2219
45145,1454
45155,1414
45156,1426
45165,596
45169,2126
45186,2127
45207,1422
45208,596
45221,1414
45229,603
45281,2126
45282,1414
45283,598
45315,2021
45316,1421
45330,4780
45332,1414
45336,601
45347,1428
45349,1426
45359,596
45364,1426
45370,4310
45374,596
45392,4080
45409,596
45415,596
45443,596
45450,1426
45467,586
45468,601
45472,596
45479,1414
45481,596
45488,596
45492,1414
45498,1414
45500,1419
45506,1414
45508,596
45511,1414
45520,589
45537,1454
45546,1428
45547,596
45583,1414
45590,4310
45596,596
45604,601
45629,5153
45633,1414
45639,2348
45646,2126
45647,5160
45656,598
45666,605
45673,596
45680,2126
45686,603
45692,1433
45693,1429
45699,596
45700,500
45701,1433
45727,596
45761,599
45776,598
45780,1454
45795,598
45824,1672
45826,4083
45827,603
45829,1414
45837,1673
45850,1419
45851,596
45874,597
45934,603
45951,1419
45969,597
45993,1419
45998,2348
46006,596
46021,596
46025,596
46062,601
46064,596
46107,596
46120,603
46126,603
46133,1414
46137,1414
46147,601
46148,603
46153,601
46154,603
46162,1414
46175,598
46181,596
46182,5151
46189,597
46195,2021
46200,601
46205,596
46221,1414
46226,596
46230,599
46231,521
46245,605
46247,1428
46248,601
46250,598
46253,552
46302,2127
46323,1649
46326,1414
46338,601
46355,596
46366,596
46370,2127
46382,596
46388,596
46403,1634
46418,596
46423,4080
46473,596
46474,2126
46500,1429
46503,596
46504,1634
46513,603
46531,1414
46533,596
46559,596
46563,1634
46579,2127
46582,599
46595,596
46602,596
46640,1672
46653,601
46710,597
46712,1414
46715,2127
46724,603
46728,5151
46731,601
46734,2127
46741,2126
46745,521
46759,598
46764,596
46785,1414
46806,596
46809,1414
46830,5153
46836,596
46843,603
46851,552
46852,1425
46855,603
46856,599
46860,598
46865,1672
46876,599
46879,1454
46895,2126
46900,1634
46906,1428
46912,2219
46916,1454
46928,603
46939,601
46940,603
46955,5153
46972,5151
47001,1421
47006,596
47022,552
47024,603
47029,596
47035,500
47046,596
47048,2219
47050,1433
47060,2021
47080,4080
47085,1414
47094,1649
47107,2021
47125,2126
47135,603
47160,2127
47168,596
47170,596
47172,596
47173,1414
47183,1433
47193,2219
47195,569
47205,601
47206,1414
47209,601
47217,598
47226,500
47251,1423
47259,603
47262,599
47288,1414
47314,1414
47318,599
47320,5153
47341,603
47352,1428
47359,2127
47367,596
47379,1426
47388,603
47410,1414
47415,601
47435,4728
47473,1610
47476,1414
47512,1414
47522,1672
47524,601
47528,2219
47549,1414
47554,1428
47556,596
47559,603
47564,596
47571,1414
47587,1414
47592,596
47608,2126
47619,596
47620,1420
47662,2023
47667,603
47669,1441
47674,1414
47679,1414
47689,1427
47694,1414
47709,596
47732,500
47753,601
47756,1432
47760,596
47764,2126
47771,1414
47772,596
47787,1422
47792,1433
47793,601
47808,5151
47834,1414
47840,597
47874,2027
47878,1419
47901,598
47908,1421
47912,500
47913,601
47919,1634
47920,1414
47921,2219
47922,596
47927,2027
47949,1433
47953,1426
47981,596
47989,603
47996,596
48020,1414
48029,2126
48030,596
48040,596
48044,1612
48052,2014
48066,500
48100,596
48101,596
48107,596
48120,1427
48124,596
48138,586
48139,603
48150,1612
48156,1414
48160,2027
48175,605
48194,1419
48219,596
48260,1414
48307,586
48322,1414
48325,603
48327,5151
48333,1414
48339,2027
48345,603
48347,596
48349,601
48357,5152
48361,589
48365,1426
48379,1423
48381,596
48384,1414
48388,1454
48389,596
48393,601
48406,2027
48424,596
48447,1414
48465,596
48473,1429
48479,596
48498,2017
48504,1428
48505,2127
48506,601
48513,603
48528,596
48542,1634
48567,1432
48577,598
48578,596
48603,597
48605,1414
48610,2127
48612,1454
48613,603
48661,603
48664,1672
48675,596
48677,596
48687,605
48688,1414
48715,1454
48737,1430
48743,1414
48747,603
48766,596
48771,596
48790,596
48797,5151
48809,596
48824,2008
48833,596
48836,596
48844,596
48881,1414
48891,596
48894,500
48896,603
48903,1421
48936,598
48960,596
48966,596
48975,1427
48992,601
48994,598
49003,1427
49004,2126
49012,5151
49031,1419
49044,603
49059,596
49061,598
49089,598
49092,1428
49093,2127
49100,1420
49115,596
49116,597
49118,596
49122,1428
49135,2126
49171,1454
49172,601
49176,596
49178,500
49203,598
49219,2126
49226,605
49231,1424
49232,1414
49240,603
49259,2127
49266,1414
49274,601
49283,5151
49298,596
49309,4081
49324,1609
49329,598
49339,5151
49351,596
49366,1414
49373,601
49375,500
49376,603
49384,601
49408,596
49413,2127
49418,598
49425,2219
49430,596
49443,2348
49449,1433
49451,603
49477,601
49487,596
49500,596
49543,603
49564,598
49568,596
49573,596
49577,605
49586,1431
49589,1433
49614,2014
49637,1425
49646,596
49647,1419
49653,1610
49657,1421
49660,601
49662,1414
49665,1414
49670,1672
49676,598
49680,1419
49698,1414
49707,1426
49727,596
49755,4084
49758,1433
49762,1432
49781,596
49790,536
49807,596
49811,1420
49814,603
49870,599
49871,596
49889,598
49908,598
49915,1419
49931,1428
49932,605
49934,603
49945,596
49946,1433
49972,596
50009,596
50020,601
50028,596
50046,1420