0,4485
2,1395
147,430
168,430
180,1395
237,1396
263,1396
351,1608
425,432
689,432
749,1396
754,1396
819,1396
939,438
1324,1395
1438,431
1704,1395
1722,4717
1748,1396
1762,431
1803,4485
1921,432
2376,1396
2474,4485
2509,1396
2549,430
2559,1396
2612,1396
2623,1396
2659,1396
2664,1396
2811,4485
2846,430
2904,1396
2989,1396
3024,1396
3202,4717
3262,1396
3329,432
3416,1396
3441,432
3531,432
3551,1396
3634,4485
3655,1396
3674,1396
3691,430
3778,4485
3818,1608
3835,1396
4029,1608
4098,1396
4099,1608
4211,1396
4242,1396
4265,1608
4267,431
4302,1608
4349,1608
4587,1608
4709,1396
4744,1396
4767,1395
4963,1396
5139,431
5151,1396
5195,4717
5205,4485
5360,431
5387,1608
5545,1396
5569,432
5589,430
5601,1396
5753,1396
5765,430
5847,1608
5901,1396
5996,1396
6017,432
6301,1395
6357,430
6526,1396
6535,431
6538,1396
6541,1396
6676,1396
6802,1395
6811,1396
6930,430
6943,1395
7239,1396
7267,430
7333,1396
7364,1396
7401,1396
7451,1396
7457,1396
7460,1396
7465,1396
7564,1395
7974,430
7992,1396
8044,431
8057,4485
8064,1396
8115,1396
8349,1395
8484,4485
8496,1396
8585,1396
8608,4485
8709,431
8764,1608
8783,1396
8907,430
8918,1396
9060,430
9067,430
9301,432
9302,4485
9310,1396
9521,1608
9534,1396
9635,1395
9674,1396
9687,432
9795,1395
9884,1608
9900,1608
10002,1396
10028,1396
10103,1396
10142,4485
10275,1396
10298,1396
10400,1396
10467,1395
10499,4717
10657,1395
10719,1396
10739,1396
10768,1608
10857,430
10944,1395
10972,1395
10982,430
11201,1396
11252,1396
11392,1396
11535,1396
11637,432
11806,1396
11907,1396
11922,1396
11970,1396
12014,1396
12058,1396
12330,431
12343,1396
12357,1608
12493,1395
12501,431
12602,1396
12736,1396
12844,1396
12869,431
12973,1396
12999,1608
13126,432
13240,1395
13307,430
13640,4485
13725,432
13845,431
13849,1395
13890,1396
13942,1396
14046,431
14077,1396
14142,1396
14191,4485
14304,1608
14374,1396
14376,430
14456,430
14518,431
14565,4485
14569,432
14619,430
14652,1396
14677,431
14712,1396
14824,1395
14931,432
15139,432
15312,1608
15412,1396
15508,1396
15523,1395
15679,1396
15680,1608
15700,432
15722,1396
15733,1396
15846,1395
15882,1395
15889,1608
15891,1396
15897,4717
15991,1396
16035,430
16040,1396
16150,1396
16252,1396
16274,1608
16277,4485
16837,1396
16952,430
16985,1396
17125,1396
17177,1396
17377,1396
17438,1396
17471,1396
17506,1396
17563,1396
17592,1396
17603,1396
17656,1396
17717,430
18008,1608
18062,432
18090,1608
18270,1396
18359,1396
18372,1396
18405,4485
18488,4485
18530,1395
18534,1396
18552,431
18600,438
18673,1396
18678,1396
18837,4485
18849,1396
18936,432
18958,1396
19061,1396
19144,1396
19259,4485
19279,1396
19371,1396
19442,1396
20050,430
20070,1396
20131,1396
20163,1396
20203,430
20252,430
20316,1396
20491,1396
20688,1396
20704,4717
20746,1396
20816,4485
20832,1396
20982,1396
21073,1396
21221,1396
21248,4485
21278,1396
21490,1396
21533,1396
21723,1396
21726,1396
21965,4485
21969,1395
22005,430
22048,1396
22302,432
22318,1396
22526,1396
22538,1396
22652,1396
22656,1396
22687,1396
22702,1396
22747,1396
22850,1396
22930,1396
22937,4485
22943,432
22965,1396
23078,1396
23172,432
23273,1395
23465,1396
23530,1396
23573,1396
23642,1396
23949,1395
24032,1396
24124,1396
24199,1396
24244,431
24359,1396
24455,1395
24500,1396
24521,1396
24532,1396
24584,430
24589,1608
24616,1395
24642,4485
24724,1395
24752,1396
24880,1396
24929,1396
24995,1395
25237,1608
25266,1396
25378,431
25441,430
25465,1396
25483,1395
25593,1608
25649,1396
25671,1395
25744,1396
25941,1396
25963,1396
26113,1396
26118,1396
26124,1396
26159,1395
26183,1395
26265,432
26275,1396
26327,430
26361,1608
26401,1396
26474,1396
26491,1396
26510,1396
26964,1396
26965,1395
26988,1395
27024,1396
27092,1608
27196,430
27214,1396
27269,1396
27369,1396
27455,4485
27513,1396
27549,1396
27836,1608
27858,1396
27942,1608
28072,1396
28104,1608
28108,4485
28129,430
28166,1396
28195,1396
28302,1396
28303,4485
28329,1395
28408,430
28431,1396
28573,1396
28759,1396
28820,431
29170,432
29198,1396
29268,430
29281,1396
29305,1396
29330,1396
29375,1396
29392,1396
29394,4485
29518,4485
29547,1395
29594,1396
29755,1396
29782,1395
30005,1396
30111,1395
30117,4717
30129,430
30151,1396
30220,1608
30580,1396
30590,430
30667,432
30670,432
30714,1395
30715,431
30741,1396
30783,4485
30987,1395
31019,432
31169,1396
31282,1396
31299,432
31337,1395
31341,1396
31570,432
31601,1396
31607,1681
31625,1396
31640,4485
31645,1396
31705,1395
31757,1396
31888,1396
31949,431
31968,1396
32012,1396
32131,1608
32158,1396
32270,1608
32445,1396
32491,1608
32538,1608
32586,4485
32628,1396
32632,430
32656,430
32743,1396
32858,430
32896,1396
32985,1396
33033,1396
33076,432
33102,1396
33194,1608
33221,430
33322,431
33380,1396
33390,1395
33399,1396
33458,1396
33492,430
33562,4485
33569,430
33616,1396
33789,1396
33847,1396
33876,1396
33891,1396
33975,1396
34013,1396
34046,1396
34139,430
34159,1396
34162,1396
34253,4485
34517,1396
34708,430
34721,1396
34785,1396
34904,431
35016,1396
35061,1396
35088,1395
35098,1396
35101,1396
35112,1396
35244,1396
35262,1396
35318,1395
35492,1608
35567,1396
36304,1396
36306,1395
36331,4717
36333,1608
36346,1395
36383,1396
36401,4485
36406,1396
36421,1608
36437,1396
36490,1608
36496,1396
36498,1396
36655,1396
36679,1396
36680,431
36692,1395
36706,1395
36800,1396
36912,1396
36973,431
37102,1396
37256,1396
37304,1396
37333,432
37342,432
37347,1608
37416,1396
37531,1396
37544,432
37547,1396
37666,1608
37921,1396
37955,431
38072,4485
38312,1396
38317,1396
38413,1608
38599,1396
38670,1396
38748,1396
38758,1395
38862,1396
38899,1396
38907,1396
38958,1396
39145,1396
39168,4485
39210,1396
39323,1396
39356,4485
39362,1396
39466,1396
39525,1681
39646,432
39697,1396
39721,1395
39755,1396
39804,1608
39809,1396
39838,430
39914,432
39949,1396
40116,1396
40177,1396
40185,1396
40292,4485
40434,432
40474,1396
40526,1608
40530,1395
40543,1395
40551,430
40681,432
40867,1396
41010,4485
41034,1396
41148,430
41161,430
41185,1396
41211,1396
41337,1396
41349,1396
41373,431
41485,4485
41500,1396
41640,1396
41672,1396
41694,1396
41713,1396
41717,1395
41822,1395
41889,1396
42044,1396
42160,4485
42252,4485
42292,1608
42364,1395
42447,1396
42448,1396
42477,1396
42503,1608
42667,4485
42682,1396
42699,1396
42710,432
42750,4717
42971,1396
42977,1396
43022,430
43185,1396
43190,432
43227,1396
43275,1396
43472,4485
43504,1396
43520,1395
43529,1396
43692,4485
43841,1396
43973,432
43994,1396
44062,1396
44130,1396
44242,1396
44317,1608
44461,1396
44476,4485
44647,1396
44677,1395
44714,1396
44865,1396
44906,4485
45058,1608
45096,1608
45161,1608
45190,4485
45243,1608
45245,431
45377,1608
45420,1395
45425,1396
45515,1396
45707,1396
45790,1396
46019,4717
46022,1396
46023,1608
46039,1396
46045,1608
46057,1608
46086,1396
46172,1396
46201,1396
46204,1396
46457,1396
46507,1396
46793,431
47057,1396
47330,4485
47634,1395
47721,1396
47728,1396
48129,1396
48255,1396
48351,432
48481,1396
48495,1396
48846,1396
48884,1681
48885,1396
48886,1396
48950,1396
49042,1396
49186,4485
49504,432
49520,432
49648,4485
49654,1396
49655,1396
49779,4717
49826,1396
49834,1395