684,383
2148,1202
2270,266
2726,383
3689,140
4856,266
4951,140
6373,386
8243,1202
11282,150
11296,266
11460,2009
12450,383
12571,383
12836,2011
14212,383
15424,266
15635,2009
15820,150
17576,266
18258,2009
18874,2009
19067,266
19118,266
19357,2009
19845,2009
20058,395
20399,266
21016,383
21230,1202
21277,266
21400,266
21862,246
23215,383
23266,2009
23484,383
24483,1202
24516,386
24747,399
24902,2009
25313,150
26034,266
26268,150
26787,266
27599,1202
27636,2009
28277,387
28396,2011
28398,1202
28515,266
28530,266
28553,397
31005,266
31208,1202
32394,2009
34058,266
34950,2009
35535,2009
36008,1202
36235,383
39443,386
39576,2009
40682,1202
41363,266
41375,383
41690,2009
42146,1202
42269,383
42859,1202
43241,4764
44205,1202
45073,1202
46622,2009
47394,266
47653,384
47716,1202
48568,1202
48749,266
49506,266