12,381
35,593
46,593
48,591
69,4
72,54
86,591
106,43
119,591
133,591
134,30
135,6
142,151
144,591
165,54
177,3
183,591
196,1403
201,1
204,56
230,2
231,2
277,591
309,232
332,3
339,1404
386,43
394,51
406,591
413,54
417,1339
420,1
443,3
455,220
456,54
473,42
475,2
486,151
489,4
498,54
521,591
540,30
546,4
549,232
562,2
563,54
569,151
587,591
589,54
600,54
612,61
624,2
628,4
631,42
632,591
636,591
644,220
654,54
661,1346
682,219
692,1369
693,232
703,591
738,593
757,232
766,160
773,50
788,3
803,7
821,152
833,2
857,1
858,2
865,591
881,1404
884,54
893,43
901,1
937,381
952,2
964,1369
966,6
987,1369
991,1369
1017,7
1029,1404
1030,153
1047,1369
1078,1
1079,591
1140,1341
1168,591
1171,42
1182,1
1183,220
1203,1340
1216,591
1222,381
1225,1340
1254,54
1258,151
1262,591
1265,1
1270,220
1281,591
1298,220
1309,3
1313,1369
1325,1
1331,61
1363,220
1369,591
1375,2
1394,591
1460,1369
1476,1369
1477,2
1481,232
1493,4
1496,378
1510,591
1515,1404
1518,2
1537,6
1541,3
1548,40
1556,39
1572,4
1576,50
1580,2
1581,201
1584,4787
1586,591
1599,43
1620,4787
1625,591
1644,1
1648,1
1650,30
1657,61
1663,30
1688,220
1721,220
1744,51
1756,381
1779,201
1789,54
1795,591
1828,1
1845,54
1865,220
1890,54
1898,591
1924,1
1935,54
1936,4
1939,54
1996,381
2020,1329
2026,54
2036,1403
2051,5
2052,591
2056,7
2070,220
2071,54
2085,4
2088,1340
2128,591
2129,54
2136,591
2165,234
2188,5
2196,219
2202,591
2223,1329
2230,7
2240,2
2248,591
2269,591
2317,160
2320,3
2334,42
2374,54
2379,1
2380,232
2381,1369
2384,591
2393,4787
2402,220
2405,54
2410,1403
2442,234
2444,153
2446,160
2464,1403
2503,2
2505,591
2512,591
2534,2
2550,30
2554,218
2602,219
2620,2
2670,4
2678,152
2688,1620
2700,591
2703,591
2718,4311
2720,54
2730,50
2741,591
2765,54
2769,1369
2770,54
2786,54
2813,1369
2833,220
2879,54
2885,591
2901,235
2902,6
2912,39
2915,54
2928,4
2960,1369
2975,151
2977,3
2994,2
2995,1339
3007,3
3015,54
3019,4
3029,42
3037,591
3041,4
3049,54
3061,54
3064,1369
3067,232
3068,2
3091,1341
3092,160
3113,160
3119,160
3133,4
3142,220
3203,55
3217,160
3243,232
3266,220
3306,591
3309,6
3338,2
3341,5
3345,4
3353,42
3367,2
3373,42
3376,3
3383,54
3394,1
3399,220
3402,152
3443,2
3444,1369
3458,54
3460,4
3461,50
3468,43
3478,7
3484,42
3555,54
3557,43
3588,1620
3640,151
3652,378
3661,220
3684,31
3685,152
3731,54
3765,153
3828,1341
3839,6
3863,3
3884,42
3890,6
3909,51
3911,1620
3921,1
3948,151
3950,2
3953,3
3967,54
3972,151
3974,55
3989,378
3999,4
4005,1
4014,42
4023,3
4024,220
4060,54
4078,1404
4089,54
4091,2
4095,54
4120,54
4126,219
4143,7
4149,6
4190,52
4192,2
4215,591
4221,160
4236,1369
4260,1375
4263,219
4266,51
4283,56
4288,54
4301,1
4303,40
4304,1339
4310,4787
4321,3
4330,220
4346,217
4361,381
4408,591
4426,220
4431,220
4451,1339
4466,61
4467,1404
4471,31
4504,160
4560,2
4604,151
4614,591
4632,217
4633,54
4669,591
4670,201
4703,51
4722,54
4751,591
4763,2
4794,235
4798,232
4814,1403
4816,153
4817,56
4819,232
4825,2
4867,220
4868,220
4884,151
4892,2
4903,54
4911,1
4913,591
4932,54
4944,591
4945,1403
4965,3
4967,50
4972,151
5003,42
5028,2
5032,1
5033,220
5038,39
5060,1
5066,591
5069,591
5071,2
5072,54
5085,61
5090,160
5093,2
5107,1339
5111,591
5128,6
5143,591
5144,591
5171,220
5182,2
5212,151
5235,4
5239,54
5245,1331
5254,4
5277,591
5285,54
5288,30
5296,220
5306,4
5315,591
5330,4
5337,4
5344,4
5353,2
5359,593
5361,56
5363,54
5372,591
5402,31
5406,2
5414,160
5423,42
5430,3
5435,593
5439,1
5448,42
5459,151
5467,2
5469,2
5474,591
5479,54
5498,219
5518,232
5529,54
5539,591
5556,3
5560,6
5576,4311
5585,1369
5586,43
5605,54
5607,1
5610,2
5617,1369
5623,4
5628,5
5634,43
5636,1403
5640,4
5642,152
5644,1369
5655,54
5685,42
5686,220
5688,1339
5693,51
5715,1403
5716,2
5719,232
5733,51
5741,4
5747,232
5759,1369
5774,591
5799,591
5806,3
5869,2
5872,160
5873,1
5880,591
5881,591
5898,160
5925,591
5967,1
5977,593
5984,591
5987,381
5998,43
6023,1
6027,235
6037,160
6062,4
6079,591
6095,54
6097,381
6105,232
6131,54
6139,1329
6140,1403
6153,54
6185,5
6192,40
6200,1
6205,591
6228,591
6229,1369
6230,1346
6238,591
6243,232
6245,6
6250,381
6263,2
6267,1403
6274,1
6275,31
6287,31
6293,51
6302,1369
6318,4
6326,5
6335,54
6342,1
6346,6
6353,6
6359,218
6362,42
6409,591
6411,220
6413,54
6425,381
6440,1339
6473,591
6480,4
6529,1369
6560,234
6563,3
6606,593
6628,2
6652,2
6661,5
6692,6
6704,591
6710,51
6727,6
6728,54
6747,6
6793,2
6800,54
6833,232
6837,219
6842,591
6843,378
6854,1
6868,1369
6874,56
6892,2
6895,1
6903,2
6925,381
6934,2
6951,2
6960,235
6967,152
6968,2
6981,4787
6995,152
7030,220
7039,241
7054,2
7081,151
7090,1403
7093,54
7096,1403
7097,1340
7132,1339
7175,219
7190,1369
7210,591
7228,591
7316,30
7325,50
7352,591
7359,219
7386,54
7389,3
7393,4
7406,6
7416,2
7428,220
7431,1
7442,1340
7445,220
7446,6
7449,160
7456,591
7466,5
7501,1403
7510,1369
7513,3
7526,2
7543,40
7554,1369
7592,151
7619,378
7625,4311
7633,591
7656,6
7708,381
7712,1369
7717,591
7718,151
7725,591
7748,153
7760,3
7769,2
7790,1
7839,61
7845,6
7848,591
7850,31
7880,151
7881,217
7882,1
7889,236
7892,1329
7895,54
7922,1346
7928,54
7944,591
7949,54
7956,591
8017,591
8020,1403
8036,2
8047,42
8049,220
8053,43
8073,220
8095,591
8109,2
8114,3
8117,151
8119,151
8133,1369
8139,1340
8151,591
8159,378
8190,591
8193,591
8208,1369
8223,1330
8247,4
8258,31
8299,220
8301,1346
8313,56
8316,1
8320,1369
8326,61
8337,2
8340,2
8370,1403
8405,154
8430,201
8441,382
8460,30
8469,591
8480,1404
8481,1403
8495,591
8511,593
8519,54
8530,1
8561,54
8599,220
8604,591
8621,54
8623,54
8688,152
8691,151
8692,3
8754,235
8755,591
8759,232
8782,160
8785,42
8813,7
8820,4
8854,54
8869,42
8870,220
8882,218
8891,219
8926,591
8938,51
8954,219
8970,1403
8976,151
9010,54
9019,42
9032,591
9037,2
9041,54
9106,4
9118,4
9123,1
9142,232
9145,591
9157,591
9162,151
9163,381
9171,220
9172,232
9176,160
9226,4311
9229,591
9246,1
9250,54
9256,3
9269,54
9289,593
9304,6
9313,232
9324,218
9335,3
9346,2
9403,51
9411,54
9423,1
9430,42
9454,591
9469,54
9483,7
9489,591
9491,51
9499,1403
9500,2
9501,43
9502,3
9517,1369
9539,51
9551,152
9557,2
9565,151
9575,2
9598,591
9609,1
9614,42
9620,30
9641,42
9666,232
9680,40
9682,54
9708,160
9723,1404
9727,54
9730,4
9754,2
9767,591
9770,1341
9829,4
9836,1346
9877,591
9887,232
9908,591
9929,1403
9930,153
9968,591
9972,5
9981,591
9992,2
10018,220
10023,232
10051,232
10061,5
10090,378
10093,2
10107,591
10113,220
10117,220
10122,151
10123,1369
10125,160
10128,232
10132,42
10138,151
10140,31
10143,4
10163,151
10197,6
10201,591
10209,30
10211,220
10223,4
10237,51
10247,151
10256,43
10262,591
10293,4
10295,220
10345,2
10371,54
10377,4
10387,4
10395,54
10403,1329
10414,234
10424,232
10429,591
10443,42
10454,5
10474,6
10479,2
10480,591
10497,1403
10498,1369
10533,232
10571,3
10574,591
10592,151
10594,1369
10603,220
10632,42
10633,42
10652,2
10664,218
10682,6
10687,591
10700,220
10706,6
10708,232
10710,1403
10711,3
10748,378
10752,1403
10754,220
10755,1403
10814,591
10829,1341
10863,160
10866,591
10875,6
10913,591
10925,1340
10935,151
10952,54
10960,1339
10963,4
10967,154
10968,4
10995,4
11000,151
11057,1375
11083,232
11086,54
11088,591
11089,151
11104,591
11120,2
11122,151
11126,54
11157,591
11169,381
11172,51
11189,591
11227,591
11229,591
11286,593
11297,1369
11343,6
11352,3
11364,54
11376,2
11382,54
11388,1369
11389,54
11393,4
11406,160
11424,1
11442,2
11444,218
11465,591
11475,2
11505,54
11512,54
11536,54
11583,151
11593,591
11615,232
11631,6
11634,381
11636,220
11646,7
11670,2
11671,42
11680,2
11691,591
11705,217
11722,591
11746,591
11760,51
11780,1369
11788,1341
11791,1
11803,1
11812,1
11822,2
11831,7
11872,54
11889,1
11906,201
11910,4
11915,1
11933,5
11936,220
11951,40
11965,2
11976,591
11989,51
11991,219
12004,54
12008,2
12033,220
12066,54
12077,3
12088,1403
12146,1339
12155,220
12157,54
12159,54
12167,54
12187,2
12191,2
12212,1403
12221,1403
12222,1
12239,1
12243,1329
12250,56
12315,1
12321,54
12342,1403
12383,218
12389,2
12402,6
12414,4
12423,1369
12457,591
12473,2
12481,220
12486,1404
12509,30
12529,4
12540,591
12542,220
12566,54
12567,54
12573,151
12580,1340
12587,219
12589,4
12599,232
12607,232
12610,3
12613,1369
12694,219
12700,381
12701,591
12732,54
12738,1404
12739,1341
12742,2
12747,591
12766,1404
12775,54
12778,591
12781,232
12789,42
12790,51
12799,232
12813,1
12848,593
12855,1369
12858,1340
12894,1369
12919,42
12920,1403
12922,2
12935,51
12940,219
12954,4
12961,160
12975,54
12997,1369
13018,1403
13030,42
13043,1
13045,160
13046,591
13067,151
13078,2
13085,1369
13088,591
13104,6
13105,217
13111,220
13124,3
13132,1
13141,6
13148,54
13176,154
13209,591
13223,54
13234,4311
13243,154
13246,232
13250,7
13257,1340
13271,4
13278,152
13297,218
13306,154
13311,232
13316,2
13317,591
13319,54
13356,4311
13363,1369
13382,151
13398,219
13413,4
13417,50
13435,219
13441,7
13463,50
13478,1339
13507,1329
13556,2
13578,2
13593,151
13594,2
13606,591
13608,1341
13611,4787
13642,1
13670,42
13724,54
13768,4
13783,43
13789,1341
13803,55
13811,54
13812,54
13837,1330
13852,61
13875,4787
13889,378
13892,234
13895,220
13897,1
13898,6
13943,54
13948,1403
13958,1340
13960,1403
13979,591
13995,2
14035,54
14037,2
14055,4
14060,4311
14062,232
14102,151
14118,2
14127,1369
14148,56
14160,4
14166,153
14177,42
14181,232
14222,1369
14254,4
14271,2
14289,30
14351,2
14397,1
14408,201
14443,1
14457,2
14485,591
14496,4
14503,220
14525,2
14532,6
14534,591
14554,591
14557,4
14577,591
14591,591
14654,220
14664,1369
14670,1369
14678,54
14694,4
14716,1339
14717,43
14720,54
14725,2
14733,1339
14746,160
14750,152
14777,1
14781,591
14789,1369
14801,2
14803,2
14816,3
14829,220
14832,54
14836,160
14837,6
14838,6
14840,54
14844,1346
14878,7
14908,30
14909,591
14920,1620
14954,2
14994,54
15010,1375
15025,591
15026,591
15029,56
15046,1404
15066,1
15100,152
15111,152
15114,5
15116,54
15120,54
15126,1369
15140,591
15143,153
15146,591
15157,2
15169,232
15184,54
15211,4
15212,591
15225,591
15242,2
15262,54
15266,1340
15271,5
15290,591
15294,30
15300,1404
15306,42
15352,152
15371,591
15381,2
15391,42
15396,591
15404,2
15407,218
15421,54
15442,591
15506,1
15524,1341
15534,42
15547,591
15603,151
15642,54
15645,151
15651,4
15665,1369
15673,42
15736,51
15740,1369
15764,1404
15793,50
15797,591
15802,153
15861,2
15898,591
15943,61
15952,40
15964,591
15967,6
15981,151
16003,2
16019,151
16044,1369
16054,220
16074,154
16078,1369
16081,54
16086,4
16108,1
16119,54
16123,42
16124,1
16127,591
16128,42
16162,591
16168,42
16172,54
16192,234
16193,1369
16194,591
16221,30
16230,2
16232,42
16243,591
16250,54
16272,54
16279,591
16293,1
16312,1369
16332,591
16341,1
16359,30
16365,220
16372,54
16424,1375
16461,1369
16464,1339
16470,1339
16489,40
16502,1369
16527,54
16529,42
16559,4
16574,51
16605,4
16616,1403
16628,42
16637,4787
16658,220
16670,39
16679,4787
16716,591
16741,593
16756,30
16791,30
16805,6
16816,381
16827,220
16830,378
16832,591
16833,54
16838,591
16845,42
16863,1339
16872,201
16878,54
16887,2
16920,6
16924,1369
16940,3
16945,201
16948,591
16991,2
16996,42
17000,218
17002,591
17020,2
17058,2
17091,3
17113,160
17151,591
17159,160
17162,381
17197,1339
17211,41
17230,591
17232,218
17244,152
17278,152
17284,54
17291,2
17322,61
17331,591
17334,218
17346,54
17349,1346
17350,5
17370,160
17378,4
17380,220
17389,3
17408,232
17412,42
17417,43
17421,593
17425,152
17430,378
17433,160
17491,201
17496,591
17522,591
17524,4
17539,1346
17547,220
17554,4
17573,151
17581,54
17582,54
17584,591
17585,43
17601,591
17604,151
17612,30
17618,151
17638,2
17666,1369
17674,591
17682,54
17687,54
17732,220
17760,1339
17762,7
17764,43
17768,54
17862,232
17864,3
17889,152
17891,2
17898,591
17913,2
17919,232
17927,30
17933,43
17934,2
17942,30
17944,591
17958,1329
17980,42
18019,1339
18030,591
18037,591
18040,3
18046,591
18054,4311
18057,218
18058,591
18061,151
18066,4311
18076,591
18095,1369
18112,3
18115,1369
18116,1403
18125,54
18127,219
18220,591
18238,4
18242,220
18245,43
18246,381
18251,51
18259,3
18272,151
18275,201
18277,4
18283,591
18299,51
18301,1329
18318,1369
18320,4
18330,220
18341,378
18375,151
18381,591
18385,151
18386,591
18394,220
18396,1369
18397,1346
18454,1369
18460,54
18466,220
18472,42
18489,593
18493,30
18498,232
18516,591
18519,1369
18546,7
18556,591
18558,591
18560,43
18570,1
18572,591
18587,3
18595,7
18610,591
18626,42
18629,5
18643,6
18671,61
18724,2
18744,6
18746,2
18767,232
18775,1369
18779,160
18782,591
18797,4
18798,2
18824,591
18829,154
18839,1341
18844,54
18846,591
18880,1403
18891,1340
18905,42
18944,591
18947,591
18949,1403
18979,54
18989,61
19014,1
19016,1403
19050,42
19051,40
19076,61
19098,54
19100,54
19115,1403
19136,152
19166,591
19178,5
19192,43
19194,591
19195,378
19204,3
19219,151
19225,1403
19295,54
19315,593
19354,151
19358,151
19364,378
19403,3
19411,591
19428,381
19452,40
19469,2
19480,591
19483,1404
19500,591
19504,1340
19506,378
19519,1
19521,54
19525,220
19553,54
19569,30
19589,30
19600,591
19610,2
19624,591
19629,1
19632,6
19634,591
19640,1340
19647,4
19692,1
19707,151
19792,2
19802,54
19811,2
19825,2
19875,5
19876,4
19897,151
19903,160
19913,31
19929,591
19954,1369
19959,1346
19973,220
19982,220
20004,6
20042,591
20044,218
20077,54
20106,54
20136,2
20143,152
20189,61
20206,1369
20258,232
20286,201
20292,4
20293,232
20298,54
20304,1403
20318,232
20332,591
20334,591
20341,1403
20351,201
20365,591
20374,54
20386,2
20397,1
20403,4
20404,160
20411,591
20427,1375
20428,591
20460,54
20479,1329
20495,61
20497,1369
20533,220
20549,154
20561,2
20581,591
20584,591
20589,591
20592,154
20595,61
20611,4
20614,152
20627,54
20630,220
20641,591
20653,40
20654,219
20658,591
20662,42
20679,7
20694,151
20706,160
20707,2
20723,2
20731,1329
20739,152
20740,220
20768,3
20780,2
20805,153
20836,42
20856,54
20872,54
20878,5
20882,218
20885,5
20886,591
20888,218
20891,220
20922,236
20956,3
20962,1341
20971,1369
21020,219
21040,61
21042,591
21046,30
21064,4
21071,218
21078,219
21092,4311
21117,42
21140,51
21150,220
21152,151
21157,4
21170,54
21171,1403
21207,54
21236,591
21254,2
21255,6
21295,591
21299,6
21353,591
21360,591
21377,54
21386,54
21391,2
21392,54
21414,151
21415,1331
21417,151
21426,54
21442,42
21455,2
21456,52
21499,4787
21516,7
21526,1375
21551,591
21552,2
21617,154
21618,593
21631,591
21634,54
21641,4
21646,160
21647,2
21653,2
21677,3
21683,4
21711,2
21721,151
21733,591
21737,381
21738,591
21754,151
21775,42
21850,1369
21858,1
21861,5
21871,1375
21887,151
21890,1404
21933,219
21943,3
21966,1369
21985,2
21989,4
22013,54
22026,1346
22052,54
22071,160
22074,1403
22079,6
22094,30
22151,2
22155,1375
22166,160
22201,232
22213,7
22215,232
22225,43
22228,1369
22233,61
22238,151
22266,220
22267,5
22269,217
22273,42
22285,50
22289,160
22296,51
22298,1369
22301,218
22304,591
22307,42
22317,591
22324,54
22349,3
22371,2
22393,1341
22395,591
22404,4787
22405,43
22406,54
22418,591
22448,2
22455,1
22467,54
22475,232
22528,4
22532,2
22546,1341
22556,4787
22561,2
22580,54
22587,5
22599,1403
22617,591
22631,54
22643,220
22655,232
22669,4
22677,591
22691,6
22754,381
22758,1369
22761,152
22776,591
22798,232
22837,1346
22847,50
22867,56
22871,43
22890,61
22923,54
22931,1369
22954,235
22966,593
22970,219
22974,54
23063,219
23077,1
23093,2
23135,1369
23138,51
23151,1369
23168,1329
23169,218
23170,591
23177,220
23206,4
23213,1369
23221,42
23227,54
23242,1369
23255,2
23258,1340
23259,591
23260,54
23300,591
23307,591
23332,4787
23339,4
23352,4
23382,30
23395,591
23397,220
23398,42
23400,5394
23405,160
23442,54
23458,591
23529,40
23545,591
23554,40
23563,54
23584,5
23592,591
23624,1
23625,2
23635,217
23652,54
23668,201
23675,219
23690,1369
23692,1
23700,1369
23702,4
23732,232
23735,43
23762,1403
23780,1
23787,54
23794,232
23800,232
23803,154
23805,4
23808,54
23824,1404
23848,54
23861,54
23864,4
23865,1
23874,3
23878,1369
23883,4
23898,591
23902,30
23909,218
23914,4
23918,42
23970,591
24005,54
24015,591
24020,4
24066,151
24071,591
24080,591
24086,54
24127,1369
24131,1
24134,1369
24156,5
24188,2
24210,1404
24215,54
24220,378
24245,218
24252,1340
24257,1369
24258,4
24274,591
24279,591
24303,591
24320,5
24330,591
24344,382
24380,1403
24387,151
24391,54
24402,220
24414,1369
24453,591
24458,54
24461,54
24471,591
24474,61
24488,1
24492,1339
24518,40
24528,591
24530,4
24543,1346
24559,591
24577,2
24601,40
24645,43
24646,219
24656,54
24658,591
24686,591
24697,2
24700,2
24705,5
24709,54
24761,152
24786,220
24790,54
24806,151
24817,42
24833,1403
24837,1369
24843,56
24847,2
24874,1339
24885,54
24897,218
24904,40
24939,1329
24979,5
24987,4
24991,591
24996,1369
24999,220
25001,42
25032,2
25033,54
25037,591
25038,54
25040,4
25045,220
25050,4787
25062,220
25067,1369
25094,51
25108,1403
25126,30
25132,201
25136,54
25141,1403
25151,4
25159,54
25166,1369
25168,43
25197,160
25199,1340
25200,591
25205,42
25206,151
25208,201
25221,2
25222,220
25225,4
25231,3
25232,43
25235,1369
25243,3
25246,31
25260,1339
25288,381
25292,51
25296,54
25305,2
25311,61
25316,154
25332,2
25337,42
25371,220
25385,593
25396,4
25418,40
25445,201
25454,4311
25456,2
25481,151
25485,232
25487,1
25499,1369
25506,1403
25512,2
25529,54
25539,219
25548,1
25555,5
25567,1369
25586,217
25612,1346
25616,1329
25636,217
25637,591
25651,591
25656,1341
25667,4
25696,1
25699,2
25704,3
25723,4
25730,42
25741,2
25756,2
25781,201
25797,220
25804,232
25814,3
25889,51
25891,220
25909,201
25910,30
25926,381
25943,1403
25969,591
25979,153
25984,232
25987,1403
26004,51
26021,593
26062,201
26072,160
26078,1369
26119,591
26122,51
26167,30
26174,160
26184,220
26185,235
26206,43
26208,1
26211,30
26250,7
26256,220
26259,5
26266,50
26269,591
26313,591
26323,220
26357,3
26397,40
26413,1404
26420,591
26425,151
26465,220
26502,1
26505,7
26515,1369
26519,591
26525,3
26542,2
26548,30
26549,591
26584,2
26593,4
26623,2
26642,1620
26647,591
26650,234
26657,153
26659,3
26666,591
26720,1
26721,201
26774,152
26786,54
26835,201
26841,2
26849,1
26861,54
26868,218
26885,152
26911,6
26935,51
26941,220
26956,591
26984,591
26989,1341
26997,232
27003,220
27047,4311
27053,2
27093,219
27160,1
27181,42
27186,232
27190,152
27198,591
27205,160
27225,591
27241,54
27265,42
27279,2
27281,6
27324,56
27325,2
27358,232
27390,1403
27408,7
27411,591
27452,1403
27463,54
27470,6
27471,219
27484,1369
27495,1404
27519,591
27524,591
27537,54
27551,151
27573,152
27574,54
27593,4
27610,152
27611,3
27619,4
27624,591
27629,2
27632,54
27644,40
27651,2
27657,591
27683,1
27692,2
27700,153
27720,42
27721,220
27725,591
27729,1369
27745,1
27759,54
27766,6
27783,42
27796,219
27798,54
27824,30
27831,1369
27834,1403
27835,42
27837,6
27847,220
27859,153
27882,30
27890,1369
27897,1375
27914,2
27940,1
27994,2
28004,54
28005,591
28013,1620
28015,54
28044,4311
28050,56
28060,54
28106,232
28121,219
28126,591
28141,593
28145,1340
28152,42
28160,51
28164,54
28165,54
28177,218
28203,232
28225,232
28231,591
28237,220
28257,1369
28269,593
28282,201
28290,232
28298,151
28300,151
28328,591
28332,3
28371,591
28411,4
28424,236
28430,1
28487,42
28489,7
28496,61
28511,1369
28528,591
28538,232
28547,220
28549,1369
28562,591
28564,220
28582,151
28600,591
28640,152
28643,51
28705,381
28709,1
28751,381
28757,1
28768,232
28772,591
28775,1341
28800,30
28812,4
28828,3
28852,54
28853,591
28859,54
28863,6
28889,1404
28916,4
28919,2
28923,54
28944,591
28952,219
28961,160
28979,5
28983,1346
29003,42
29005,42
29017,54
29018,160
29033,1340
29079,234
29099,232
29100,219
29108,218
29112,54
29126,1339
29130,152
29202,151
29217,591
29250,1339
29315,3
29334,1369
29342,40
29373,381
29379,54
29383,1403
29389,1404
29402,4
29418,1404
29425,1375
29429,54
29433,591
29440,591
29454,42
29472,2
29494,1369
29507,1375
29570,220
29584,1369
29589,54
29618,591
29621,160
29630,153
29657,1
29663,54
29669,2
29678,2
29699,220
29717,1369
29718,232
29731,51
29737,2
29744,30
29748,381
29766,220
29773,1
29790,2
29805,42
29810,43
29821,30
29837,1339
29855,1369
29861,3
29865,160
29868,1369
29870,591
29878,2
29888,154
29895,151
29899,160
29906,4
29923,4
29936,1339
29942,152
29948,42
29951,1340
29965,3
29982,2
29984,152
29991,220
29999,1
30003,232
30012,151
30046,42
30065,378
30069,3
30076,591
30081,591
30083,1404
30097,591
30098,54
30112,54
30116,232
30126,1403
30139,2
30140,54
30143,2
30154,1369
30173,42
30178,50
30183,220
30193,2
30196,591
30208,152
30214,1403
30222,54
30233,591
30262,1403
30290,4
30317,591
30344,220
30353,591
30357,381
30373,151
30375,54
30394,220
30399,5
30425,1369
30433,2
30445,232
30447,591
30455,591
30474,219
30481,1
30520,4
30523,2
30537,2
30540,4
30546,232
30575,232
30576,43
30592,42
30629,1341
30632,54
30638,1403
30645,30
30672,54
30681,591
30684,591
30691,42
30706,2
30728,219
30748,220
30764,591
30778,54
30780,151
30804,4
30808,1329
30811,42
30815,593
30816,54
30834,54
30846,4
30865,220
30878,54
30906,2
30907,6
30908,54
30991,220
31001,591
31008,591
31024,3
31032,61
31034,232
31035,218
31038,54
31043,591
31062,1369
31087,3
31095,220
31114,42
31116,591
31123,232
31135,4
31145,151
31146,6
31148,378
31154,591
31158,591
31191,1
31192,3
31218,220
31238,220
31255,1
31257,218
31267,1403
31268,5
31275,591
31290,591
31303,1339
31319,4
31354,2
31361,591
31366,591
31388,42
31405,151
31408,151
31428,235
31437,220
31449,5
31450,54
31452,54
31458,1369
31459,54
31460,591
31466,232
31473,152
31484,232
31497,220
31506,151
31508,1403
31518,1369
31520,1
31543,56
31553,4
31566,160
31572,1369
31584,4
31597,591
31603,5
31618,591
31629,54
31631,232
31646,2
31653,591
31674,1339
31690,2
31717,1403
31750,54
31758,593
31760,591
31762,54
31771,6
31796,6
31808,2
31818,5
31833,220
31855,30
31890,42
31899,1339
31941,219
31942,5
31952,1403
31954,591
31959,2
31960,378
31972,61
31997,591
31998,591
32011,591
32020,378
32029,56
32032,1369
32043,1369
32058,1369
32066,1
32097,43
32107,54
32116,4311
32119,2
32141,43
32191,591
32209,42
32215,54
32252,7
32265,593
32268,31
32271,42
32274,2
32279,1
32362,4311
32370,54
32375,591
32391,42
32419,4
32427,591
32429,42
32450,50
32474,151
32476,1403
32489,1369
32499,151
32501,3
32556,220
32559,5394
32568,54
32575,3
32606,4
32630,160
32633,54
32639,1369
32649,591
32654,54
32659,151
32663,1369
32668,4787
32693,54
32709,591
32715,43
32722,54
32758,591
32765,381
32778,4
32780,241
32786,2
32788,591
32793,1
32831,151
32834,2
32857,153
32864,4
32865,591
32901,591
32907,5
32910,54
32933,591
32935,54
32959,591
32963,591
33006,593
33014,42
33016,591
33043,51
33056,593
33058,2
33060,591
33067,378
33068,160
33075,30
33086,591
33092,160
33106,591
33130,54
33133,54
33143,4
33146,30
33199,54
33217,42
33237,1
33266,51
33274,591
33294,153
33304,591
33311,1369
33324,2
33327,7
33331,54
33334,31
33343,219
33348,232
33369,220
33401,1620
33403,591
33439,43
33459,591
33513,42
33531,201
33547,31
33580,220
33593,151
33597,54
33604,54
33611,2
33635,591
33643,1369
33692,219
33697,2
33710,1375
33716,591
33732,232
33736,1403
33741,2
33746,220
33747,160
33768,218
33787,2
33788,160
33801,6
33843,51
33854,4
33882,54
33897,54
33898,6
33918,51
33949,54
33953,1
33956,4311
33972,218
33984,54
34002,4
34006,201
34025,381
34051,5
34054,1
34068,5
34071,54
34079,153
34098,43
34105,1403
34117,54
34122,152
34138,4
34143,30
34149,1
34163,1369
34167,30
34174,2
34181,591
34186,4
34201,151
34230,42
34259,51
34278,2
34320,591
34339,2
34341,51
34358,591
34407,1369
34426,4
34439,2
34449,30
34455,591
34495,1
34497,1
34507,30
34524,54
34527,220
34543,6
34571,54
34588,591
34596,591
34597,4787
34609,42
34622,4
34625,4
34648,381
34691,591
34693,54
34712,591
34728,42
34761,217
34763,7
34796,152
34818,591
34822,593
34838,1330
34841,1403
34868,5
34883,1329
34884,591
34910,154
34916,54
34927,43
34952,4
34961,220
34971,591
34980,219
35028,4
35039,591
35045,151
35057,2
35080,2
35089,219
35090,1339
35093,1403
35120,54
35129,153
35141,54
35173,152
35177,381
35181,4311
35188,220
35204,591
35228,1
35254,4787
35267,1403
35271,1369
35274,5
35288,54
35323,5
35324,40
35344,232
35349,153
35354,220
35368,4
35379,30
35391,591
35392,591
35394,2
35414,220
35444,1
35455,232
35467,3
35482,4
35505,232
35509,4
35516,1331
35522,1369
35530,234
35553,591
35561,151
35571,4
35585,591
35591,151
35595,381
35610,54
35626,232
35650,220
35669,232
35681,43
35702,3
35791,5
35796,6
35804,591
35816,232
35820,54
35827,4311
35828,4
35845,220
35846,1404
35852,591
35877,2
35890,160
35910,3
35919,151
35944,220
35973,3
35975,1
35981,1369
35985,220
35998,40
35999,1403
36004,381
36019,42
36043,1339
36053,4
36060,51
36085,54
36093,1340
36096,151
36097,6
36106,232
36108,1
36139,1339
36151,591
36185,591
36193,160
36201,151
36212,54
36225,2
36238,3
36243,591
36270,4787
36293,2
36332,54
36334,1620
36348,54
36359,5
36361,591
36380,151
36398,591
36402,54
36408,1339
36415,591
36416,151
36425,2
36480,378
36515,1369
36517,160
36527,154
36534,54
36546,232
36577,3
36578,591
36584,2
36595,4
36614,54
36632,1404
36645,1404
36652,151
36653,1329
36693,3
36698,591
36704,54
36705,3
36728,591
36753,591
36760,1
36775,152
36777,54
36816,54
36848,1
36851,591
36855,54
36881,6
36906,6
36916,42
36953,4
36955,151
36976,219
36977,7
36987,1
36988,2
37023,1369
37024,591
37044,160
37046,1369
37071,1329
37076,153
37080,54
37081,220
37096,2
37122,232
37126,2
37130,3
37137,2
37141,151
37170,151
37194,42
37196,2
37206,42
37213,4
37214,1
37225,591
37230,591
37232,201
37248,1369
37263,30
37301,378
37410,31
37458,591
37459,2
37468,232
37497,42
37539,591
37560,152
37561,3
37588,160
37598,2
37601,54
37607,591
37612,1340
37635,42
37639,591
37650,54
37659,591
37664,6
37669,42
37673,3
37676,151
37718,593
37731,2
37751,4
37762,54
37765,591
37767,1339
37779,1404
37783,54
37807,381
37825,591
37859,220
37885,4
37906,1369
37932,1
37933,3
37946,54
37981,1
37983,152
37986,591
38003,4311
38012,1329
38018,151
38036,30
38041,591
38043,2
38048,591
38113,3
38124,2
38137,232
38139,54
38159,219
38168,4
38184,1620
38191,4
38213,1369
38224,3
38228,160
38230,591
38241,42
38264,218
38267,54
38278,3
38290,3
38339,42
38341,1346
38342,160
38359,61
38360,1329
38364,1
38400,42
38417,151
38425,54
38429,591
38440,1329
38488,1403
38489,42
38498,220
38528,52
38529,61
38530,218
38553,220
38575,591
38583,1369
38597,54
38600,4
38623,6
38626,6
38640,54
38649,6
38657,61
38717,591
38721,6
38786,1403
38795,54
38814,6
38827,218
38829,4
38831,4
38842,591
38869,232
38893,54
38920,1369
38930,54
38931,43
38933,378
38934,2
38953,51
38970,54
38974,1404
38991,4
38996,42
39003,591
39051,42
39063,591
39074,2
39081,160
39102,1340
39109,1340
39125,591
39130,591
39136,30
39146,56
39147,591
39148,591
39151,4
39164,591
39172,591
39187,220
39191,54
39194,1341
39215,232
39218,2
39220,1369
39243,54
39244,7
39247,2
39268,51
39270,151
39303,1
39311,234
39336,5
39340,54
39359,591
39377,1
39397,591
39416,30
39440,7
39457,6
39490,51
39492,2
39519,2
39550,1339
39592,54
39609,232
39622,220
39655,2
39656,232
39663,6
39668,4311
39679,2
39684,54
39685,381
39753,51
39772,1
39799,54
39800,54
39807,31
39812,54
39824,220
39831,591
39855,151
39896,42
39901,232
39902,220
39951,1329
39961,151
39974,1369
39976,4
39984,591
39989,5
39999,1404
40003,591
40011,591
40040,42
40045,1369
40058,1
40066,2
40087,232
40112,151
40113,220
40125,7
40126,55
40128,2
40149,31
40167,61
40173,591
40178,42
40187,151
40190,1369
40206,42
40210,56
40217,54
40228,2
40248,160
40249,160
40272,1369
40282,591
40286,591
40291,5
40308,1
40310,220
40312,1
40316,1369
40317,151
40322,1404
40339,381
40344,54
40362,151
40372,2
40394,43
40403,593
40406,1329
40407,2
40415,54
40421,381
40431,234
40445,2
40458,232
40492,591
40497,42
40498,54
40505,1340
40507,591
40511,4311
40533,220
40534,232
40536,220
40554,54
40558,591
40564,1
40578,6
40585,2
40618,1369
40635,54
40642,54
40653,591
40657,591
40659,51
40663,1346
40683,2
40691,51
40692,4
40696,30
40706,1369
40718,591
40743,1369
40759,232
40778,61
40803,378
40804,219
40813,2
40839,6
40858,31
40861,591
40865,3
40866,51
40888,1340
40908,4311
40919,591
40934,2
40946,220
40955,232
40958,30
41003,1
41004,378
41014,232
41090,593
41099,54
41102,42
41115,218
41116,30
41132,3
41137,1330
41145,1329
41164,54
41172,1329
41175,2
41183,4311
41188,151
41206,1369
41216,1340
41221,591
41247,1620
41304,1339
41316,219
41319,234
41325,42
41328,54
41336,151
41347,39
41357,4787
41360,2
41362,2
41380,201
41395,4
41430,4
41469,54
41491,591
41499,54
41516,54
41525,1341
41533,5
41546,1329
41582,54
41589,2
41593,201
41617,232
41620,42
41623,1403
41648,7
41651,4311
41653,2
41654,1346
41664,42
41680,591
41686,152
41692,160
41698,43
41710,1331
41731,1403
41734,4
41741,160
41755,1346
41759,2
41762,54
41798,2
41807,51
41809,591
41819,2
41838,51
41847,591
41861,591
41862,378
41874,220
41905,591
41916,42
41922,54
41930,1341
41949,1404
41990,1
41995,54
42017,232
42020,1
42033,4787
42036,42
42060,54
42063,6
42069,54
42084,218
42090,201
42098,2
42105,2
42110,591
42133,40
42136,232
42138,4
42142,1
42152,5
42177,4
42185,591
42186,591
42202,1375
42203,232
42224,235
42225,30
42247,218
42260,43
42288,160
42332,151
42333,591
42335,2
42349,220
42369,3
42371,381
42398,1403
42419,232
42422,56
42425,1369
42436,151
42445,54
42449,1369
42456,1403
42482,591
42485,1403
42496,54
42516,31
42528,1
42531,1369
42532,591
42536,2
42560,219
42579,160
42590,1
42606,3
42615,1340
42620,1369
42639,1
42652,591
42697,1
42717,381
42729,1403
42737,43
42744,51
42746,54
42760,593
42764,4
42791,54
42876,2
42879,1369
42884,54
42917,234
42925,1403
42950,591
42979,4311
42989,1340
43006,54
43011,591
43028,50
43057,42
43082,220
43083,54
43090,42
43099,54
43125,30
43153,4
43178,1
43188,54
43197,2
43225,2
43235,232
43261,2
43280,2
43283,220
43290,1341
43303,55
43347,6
43359,2
43377,593
43395,54
43398,1369
43434,31
43448,4
43458,151
43461,232
43464,5
43471,1339
43501,54
43506,591
43510,54
43518,220
43535,5
43554,2
43572,2
43575,591
43596,160
43607,54
43620,42
43629,232
43635,591
43649,591
43662,591
43710,3
43713,2
43718,381
43720,1369
43727,1330
43735,55
43740,591
43763,153
43777,593
43783,591
43791,220
43817,591
43823,160
43838,235
43868,1330
43904,1404
43910,220
43914,1331
43917,54
43934,1369
43955,219
43956,6
43971,54
43984,1331
43992,2
43997,4
44024,2
44050,42
44058,2
44067,160
44075,593
44090,1369
44096,218
44099,1369
44119,591
44166,591
44171,220
44173,1
44193,4
44195,3
44206,151
44218,54
44219,2
44235,1330
44236,7
44256,591
44295,1369
44301,40
44309,1340
44314,591
44342,1369
44351,3
44369,30
44378,6
44388,152
44397,56
44409,591
44415,591
44416,232
44420,218
44423,1
44457,1404
44464,153
44489,201
44490,4
44501,3
44515,232
44527,218
44531,1339
44539,220
44555,2
44556,1
44575,30
44585,2
44606,40
44608,591
44615,51
44620,1
44622,378
44623,2
44636,591
44648,5
44650,4
44685,1369
44688,219
44691,219
44698,232
44709,220
44711,160
44717,43
44739,591
44748,54
44768,591
44795,1
44797,234
44802,54
44818,42
44849,3
44874,30
44896,220
44907,50
44908,50
44938,2
44944,152
44971,4311
44972,1329
44974,1
44978,3
44990,2
44994,591
45009,42
45011,2
45020,153
45021,3
45071,51
45072,54
45076,1
45091,2
45094,591
45095,151
45114,1
45115,1339
45116,5394
45122,54
45129,2
45139,378
45147,1
45163,1404
45181,591
45188,591
45202,1339
45218,218
45220,591
45225,151
45252,42
45269,4
45273,1
45294,54
45339,54
45344,152
45362,1403
45386,591
45390,381
45411,61
45426,1369
45496,1340
45553,591
45572,1369
45606,2
45627,2
45662,219
45684,1369
45705,152
45708,1
45720,42
45754,591
45775,591
45789,591
45810,151
45815,1403
45819,42
45832,217
45834,1369
45843,54
45847,4
45875,6
45902,1404
45909,2
45923,219
45930,3
45937,54
45963,54
46008,1369
46014,54
46036,40
46048,220
46050,30
46056,381
46084,1369
46085,151
46104,42
46105,54
46117,54
46138,160
46167,2
46196,4
46209,54
46211,1369
46234,378
46362,1403
46368,232
46402,232
46435,40
46437,1
46453,220
46466,220
46467,30
46482,591
46491,1339
46499,235
46519,54
46541,2
46571,7
46587,220
46606,4
46634,6
46644,6
46657,153
46662,1369
46663,43
46665,4787
46666,236
46673,5
46675,51
46678,2
46681,591
46682,51
46714,1369
46716,54
46727,381
46729,1341
46751,591
46755,591
46757,1404
46762,54
46771,151
46788,1
46811,201
46825,1403
46827,220
46828,61
46853,54
46878,54
46891,2
46933,220
46952,591
46966,40
47002,151
47015,4
47058,591
47076,232
47108,1
47116,378
47123,2
47131,54
47157,7
47163,153
47178,591
47210,591
47211,3
47215,218
47233,591
47244,160
47267,2
47272,220
47280,54
47281,591
47305,591
47315,153
47319,5
47354,232
47360,1369
47361,154
47366,591
47397,4
47416,54
47424,1369
47428,54
47429,378
47457,232
47461,54
47464,54
47465,1329
47475,1369
47497,2
47504,6
47517,5
47519,3
47540,160
47563,2
47578,1339
47598,54
47602,232
47607,2
47644,3
47661,1331
47664,154
47686,42
47712,3
47734,591
47742,43
47746,154
47750,2
47785,3
47790,54
47798,54
47801,43
47829,31
47830,593
47838,153
47850,42
47860,219
47877,54
47881,593
47892,591
47937,1
47959,232
47974,54
47978,4
47982,1341
48012,40
48060,1369
48061,54
48078,591
48094,54
48104,54
48131,6
48147,2
48170,54
48190,40
48215,43
48221,2
48244,54
48258,5
48259,591
48261,42
48262,56
48264,591
48268,5
48286,232
48293,4311
48296,591
48315,232
48323,43
48344,54
48346,160
48382,2
48385,2
48410,6
48413,61
48421,152
48443,232
48449,54
48452,1
48475,6
48491,220
48492,4
48496,40
48516,40
48523,54
48524,2
48534,31
48536,1403
48544,2
48545,220
48552,1403
48554,1620
48572,1369
48582,1369
48596,54
48597,1403
48614,232
48622,54
48624,4
48649,591
48660,2
48699,51
48712,1403
48717,5
48730,220
48748,5
48750,1341
48758,591
48785,61
48794,30
48806,591
48814,218
48825,5
48828,50
48838,5
48921,54
49001,593
49009,1339
49010,1
49017,1339
49047,54
49052,4
49073,591
49076,591
49082,42
49087,591
49088,1369
49097,5
49138,42
49147,2
49158,160
49164,1369
49173,232
49190,1340
49211,2
49221,51
49241,591
49250,152
49256,591
49257,591
49271,381
49272,1
49277,381
49308,5
49316,54
49365,381
49374,591
49415,1
49461,591
49462,241
49478,382
49528,54
49529,151
49544,1339
49555,591
49578,54
49581,160
49594,7
49597,160
49600,1346
49613,591
49626,381
49689,1346
49691,1341
49714,50
49737,201
49743,381
49744,591
49752,6
49756,42
49770,591
49780,1340
49804,42
49806,1403
49827,1404
49837,591
49850,4
49852,4
49886,43
49895,40
49896,1403
49900,54
49901,1369
49910,1369
49916,4
49923,1375
49926,591
49952,591
49996,591
49997,1369
50026,1369
50033,201
50037,1346
50043,232
50044,54