4,1014
15,37
32,352
43,60
44,1012
52,1723
68,1008
96,439
97,1617
151,1607
184,351
192,35
208,1009
213,48
224,1006
226,352
240,443
248,1376
257,517
259,443
273,1385
285,162
292,37
314,49
317,163
341,604
344,1332
357,1371
368,36
375,517
376,162
384,1388
397,58
399,1388
410,60
414,1208
422,595
447,1006
493,1617
497,1405
504,1385
533,517
535,1607
554,1447
575,63
585,1006
609,1386
617,33
623,49
653,1014
658,1388
665,48
669,604
670,162
674,353
683,65
690,604
696,1332
765,49
769,1384
774,1010
791,517
795,65
796,604
801,48
824,67
847,1013
869,1208
887,35
938,38
955,1384
972,1370
980,1009
984,349
986,1009
1011,517
1038,443
1042,162
1048,1385
1055,33
1057,1371
1064,1382
1082,1648
1084,604
1093,1384
1121,46
1158,352
1161,1006
1173,1014
1177,352
1233,46
1266,604
1272,32
1295,517
1319,1405
1328,1723
1337,36
1372,517
1373,46
1397,65
1413,1599
1427,49
1443,1009
1456,351
1485,517
1492,517
1506,517
1526,162
1561,517
1566,604
1573,604
1598,162
1612,58
1623,440
1634,1447
1635,59
1637,1388
1639,352
1645,455
1674,1384
1692,37
1714,1008
1735,352
1758,1006
1761,517
1787,49
1810,1380
1813,49
1817,604
1824,65
1835,1371
1841,516
1874,37
1909,1607
1920,162
1938,32
1945,1372
1982,46
1985,1388
1995,162
1998,604
2003,1013
2007,1607
2029,1014
2041,517
2054,34
2065,604
2067,604
2076,1729
2078,44
2103,1382
2118,1388
2141,517
2147,63
2157,1599
2168,1332
2172,1007
2186,36
2216,517
2221,1387
2236,1011
2243,517
2246,604
2262,67
2279,164
2290,1723
2303,68
2307,604
2336,604
2339,47
2344,1381
2352,45
2382,162
2387,1010
2391,439
2394,1012
2411,68
2412,37
2421,49
2429,352
2434,1405
2443,455
2465,1384
2475,1371
2479,440
2487,439
2518,162
2519,1405
2525,604
2563,604
2565,1446
2576,35
2594,33
2601,1729
2605,1008
2615,1371
2697,67
2707,59
2712,65
2727,352
2729,517
2735,64
2738,1208
2755,1007
2762,517
2771,1008
2785,595
2795,162
2806,1011
2816,604
2832,1385
2873,63
2875,595
2882,1447
2888,66
2889,66
2895,349
2926,38
2941,352
2966,517
2971,1208
2986,64
3012,1011
3042,64
3052,35
3056,1723
3057,604
3099,162
3137,33
3139,441
3163,34
3166,37
3167,604
3176,33
3177,517
3178,36
3180,604
3183,604
3201,443
3222,1405
3237,33
3244,351
3249,67
3263,46
3269,1007
3270,162
3281,162
3316,1006
3323,162
3327,45
3331,34
3348,33
3352,1385
3371,1405
3386,604
3395,1011
3397,517
3407,1446
3408,1372
3412,68
3418,162
3429,352
3455,1372
3457,443
3459,604
3467,1006
3469,164
3470,443
3492,604
3508,1599
3514,45
3521,162
3542,1723
3562,1384
3569,517
3576,162
3581,162
3600,1617
3605,162
3632,517
3642,443
3653,49
3658,1372
3669,1446
3673,1013
3699,1723
3712,517
3715,1376
3719,517
3738,162
3741,439
3743,1388
3749,65
3762,604
3771,604
3782,1446
3792,49
3808,48
3815,517
3822,1006
3826,604
3836,352
3840,49
3850,443
3854,1013
3860,1599
3861,1009
3895,48
3900,1607
3902,64
3903,162
3922,32
3925,1006
3934,517
3940,604
3982,604
3994,442
3997,517
4012,1723
4052,1006
4066,67
4101,604
4111,1006
4117,352
4123,162
4140,604
4141,33
4154,65
4177,1011
4198,1332
4229,604
4232,352
4237,352
4240,439
4247,164
4252,1384
4254,1006
4255,49
4278,37
4281,517
4284,352
4293,67
4312,44
4313,162
4344,49
4352,36
4383,35
4441,604
4442,1372
4445,349
4448,46
4452,1723
4458,46
4465,49
4470,1384
4479,604
4482,1723
4485,67
4489,46
4537,604
4552,517
4575,1723
4576,59
4592,1599
4597,1599
4598,69
4606,34
4607,604
4611,1013
4623,351
4648,443
4649,604
4660,34
4673,1208
4678,67
4707,1006
4717,37
4748,44
4772,454
4787,162
4797,1006
4807,36
4820,604
4822,60
4827,1599
4828,356
4863,351
4864,59
4869,47
4897,1006
4908,162
4912,1384
4924,1405
4934,604
4936,439
4947,349
4962,162
4969,65
4973,1012
4999,162
5007,604
5019,1006
5020,352
5044,1384
5048,443
5050,595
5061,352
5078,32
5081,1332
5130,1405
5136,37
5142,162
5149,65
5154,1607
5166,1011
5189,162
5198,1723
5200,162
5202,67
5203,1332
5215,352
5223,162
5226,1208
5237,517
5258,356
5269,49
5280,1008
5295,604
5300,1371
5307,517
5310,162
5320,1372
5324,1370
5325,36
5328,352
5331,67
5418,517
5422,604
5447,517
5457,349
5506,1607
5515,1010
5516,1013
5530,1006
5531,36
5537,604
5554,604
5568,604
5578,162
5600,1012
5613,1382
5615,1372
5621,517
5629,162
5653,604
5675,49
5678,516
5695,162
5721,1006
5748,34
5757,443
5766,162
5790,1446
5796,162
5807,351
5817,162
5841,36
5902,1006
5907,1372
5920,517
5942,1723
5966,1012
5979,1208
5983,454
5994,352
6016,32
6019,33
6026,351
6044,34
6071,1723
6091,46
6099,32
6106,67
6121,69
6126,164
6134,1405
6142,164
6146,1010
6154,454
6183,1446
6194,1384
6201,604
6211,1599
6212,1723
6270,604
6273,351
6297,1372
6315,517
6317,517
6340,35
6351,162
6364,1332
6374,1371
6381,36
6388,162
6393,356
6398,162
6406,36
6419,517
6422,66
6427,1386
6428,1617
6447,352
6498,1446
6534,604
6583,351
6592,604
6596,1208
6603,1010
6614,1009
6624,440
6642,516
6660,443
6672,1006
6679,1332
6688,439
6717,162
6758,1332
6776,33
6788,604
6797,1208
6839,351
6866,49
6883,604
6885,37
6893,443
6904,517
6909,352
6914,162
6929,164
6952,32
6954,46
6955,1012
6978,604
6979,1616
6983,33
7006,604
7025,1385
7045,66
7052,443
7061,595
7063,49
7067,604
7069,517
7076,516
7100,439
7104,604
7112,46
7113,164
7136,1607
7139,1607
7145,1405
7161,38
7171,162
7173,517
7194,1405
7197,1371
7206,1723
7208,1447
7216,1013
7221,65
7226,1008
7232,595
7233,1208
7235,34
7254,36
7283,66
7295,37
7321,356
7328,356
7361,1405
7373,1370
7383,604
7387,164
7404,1014
7415,32
7418,454
7429,517
7435,1208
7436,162
7438,1388
7482,352
7502,1617
7533,162
7539,44
7552,1208
7556,36
7572,351
7576,595
7580,442
7583,1381
7637,352
7641,46
7644,1723
7662,1447
7664,517
7687,1382
7694,1208
7696,1208
7706,1371
7732,58
7738,1384
7768,1370
7776,604
7780,1014
7783,58
7791,63
7811,68
7819,1388
7825,1371
7826,1012
7840,1208
7843,352
7854,1405
7860,162
7866,45
7890,352
7897,162
7901,164
7912,1384
7914,1006
7915,64
7916,352
7942,34
7946,44
7958,33
7960,36
7971,38
8001,1385
8010,604
8013,1011
8016,1388
8028,4760
8038,1006
8067,454
8078,1723
8080,443
8083,34
8093,1208
8103,33
8116,1380
8127,1332
8132,37
8136,1332
8152,517
8157,37
8164,65
8179,1447
8209,595
8248,604
8256,517
8260,443
8263,1011
8277,162
8281,1208
8289,517
8298,443
8329,49
8372,1617
8378,34
8384,37
8392,35
8398,34
8404,352
8406,32
8418,162
8438,59
8445,604
8450,46
8452,595
8498,162
8522,517
8539,604
8553,1208
8567,162
8569,33
8587,63
8588,1371
8590,604
8593,63
8594,1616
8602,1208
8605,1382
8613,67
8641,604
8642,604
8651,67
8653,443
8664,517
8682,595
8690,1013
8695,49
8697,67
8702,1372
8707,1013
8712,1447
8724,604
8766,1447
8771,1011
8781,604
8802,1006
8811,65
8822,162
8829,49
8836,443
8879,443
8881,356
8883,162
8888,1386
8900,604
8914,454
8928,36
8944,517
8950,604
8956,162
8964,1012
8975,439
8977,604
8979,162
8983,517
9000,60
9020,349
9039,604
9043,517
9049,352
9062,1380
9085,37
9088,1617
9111,34
9114,67
9132,1006
9139,162
9154,49
9166,1006
9177,1384
9210,1007
9216,1447
9223,517
9230,37
9260,48
9278,443
9300,36
9316,1617
9358,162
9364,48
9374,1371
9378,604
9400,49
9405,604
9414,164
9452,162
9459,1729
9467,351
9507,58
9532,37
9542,517
9570,1599
9586,604
9599,604
9607,1729
9627,162
9634,604
9637,1332
9656,48
9661,517
9662,443
9678,48
9706,517
9714,162
9717,1405
9718,1447
9720,34
9722,1616
9728,1013
9742,1006
9743,517
9751,162
9763,59
9775,1385
9794,67
9805,1208
9813,34
9814,352
9822,352
9835,352
9837,1011
9840,32
9847,1385
9872,604
9880,49
9885,1208
9890,59
9949,69
9952,1446
9980,1384
9984,44
10001,1388
10016,1006
10017,45
10025,1371
10059,517
10069,517
10098,59
10099,1387
10124,64
10141,604
10151,1447
10156,1446
10171,604
10172,439
10179,352
10186,604
10194,604
10195,162
10204,349
10217,604
10233,58
10238,64
10257,1006
10259,46
10269,604
10272,1208
10289,604
10318,66
10322,1006
10330,443
10342,34
10344,37
10372,1372
10388,37
10391,443
10393,162
10436,1384
10441,35
10476,162
10491,162
10500,604
10504,34
10525,35
10532,604
10566,37
10590,352
10617,68
10625,439
10628,1607
10629,517
10630,1012
10631,1008
10634,1447
10647,45
10648,49
10679,53
10681,1011
10696,68
10699,1617
10701,443
10704,37
10707,1332
10715,67
10718,1011
10728,1006
10737,162
10766,352
10769,162
10776,351
10795,1617
10800,1723
10803,164
10816,1384
10839,604
10845,1607
10851,162
10853,604
10871,49
10874,162
10880,162
10887,516
10895,162
10899,46
10905,35
10909,517
10915,517
10916,604
10930,46
10932,1013
10946,352
10956,352
10976,352
10981,1617
11010,162
11011,48
11022,604
11028,1006
11068,604
11069,604
11074,1405
11075,604
11076,162
11095,1014
11136,517
11153,69
11194,439
11198,352
11204,517
11223,34
11243,1723
11244,1011
11272,58
11274,162
11278,1384
11284,604
11291,454
11295,48
11302,1385
11338,595
11342,162
11349,604
11354,1447
11361,1729
11371,162
11374,1384
11375,162
11390,439
11396,44
11400,162
11431,604
11439,58
11443,1376
11446,1447
11457,1376
11478,53
11502,37
11525,356
11527,1011
11531,59
11533,162
11540,49
11541,443
11565,1006
11592,1011
11605,1405
11618,1372
11638,352
11648,1009
11654,1009
11661,36
11668,162
11676,45
11695,46
11696,604
11699,164
11700,1008
11709,1617
11711,352
11730,1617
11734,34
11747,44
11766,162
11779,33
11783,517
11784,604
11794,1617
11795,1006
11799,46
11829,604
11843,68
11848,162
11854,604
11886,1376
11888,162
11890,67
11899,604
11931,1446
11945,59
11946,595
11964,1405
11992,1012
12005,604
12024,352
12031,162
12044,517
12050,1014
12053,37
12074,1208
12089,163
12092,517
12103,162
12116,1009
12119,37
12137,63
12143,1014
12160,46
12177,1011
12183,32
12184,162
12217,1388
12224,1599
12228,45
12238,53
12241,1371
12249,1006
12254,351
12260,1371
12263,1009
12266,604
12277,517
12285,439
12306,604
12307,1008
12308,63
12339,32
12346,595
12348,1012
12352,1013
12390,1405
12415,36
12427,352
12431,604
12443,1388
12447,1208
12464,1006
12502,67
12514,517
12534,516
12549,517
12565,517
12586,67
12612,59
12614,60
12652,1599
12658,604
12662,351
12669,1332
12674,1607
12676,443
12699,1006
12713,1013
12722,439
12726,604
12729,1446
12745,1013
12748,517
12757,1011
12762,1006
12770,517
12796,352
12798,604
12834,34
12850,1010
12852,67
12861,1723
12864,352
12865,604
12875,1009
12882,49
12885,49
12895,604
12898,1617
12900,34
12905,162
12930,1010
12980,1013
13001,1013
13024,517
13029,1013
13031,163
13044,1009
13069,604
13083,162
13087,1006
13101,162
13147,44
13196,439
13198,37
13227,67
13228,351
13244,1405
13249,36
13251,48
13260,1405
13288,33
13296,352
13299,351
13310,68
13327,34
13348,595
13364,48
13367,1332
13393,1405
13427,1617
13432,351
13438,164
13440,443
13452,443
13458,1006
13465,1385
13475,604
13479,604
13480,49
13509,516
13529,352
13532,1014
13533,162
13534,37
13537,1648
13544,1723
13557,37
13576,1385
13579,59
13583,604
13600,443
13603,1006
13615,162
13617,162
13618,49
13633,1405
13644,604
13660,517
13729,1009
13732,351
13736,49
13742,1723
13745,1723
13748,1012
13781,34
13821,604
13836,1011
13839,351
13872,1007
13884,1617
13907,33
13917,1384
13938,517
13954,1012
13961,1385
13973,439
13993,162
14015,1723
14028,36
14038,595
14047,1405
14051,1332
14072,1388
14085,162
14093,1006
14130,595
14134,1386
14136,1446
14144,517
14147,1013
14162,1372
14168,351
14185,1006
14200,352
14214,1332
14240,164
14242,37
14250,1447
14255,162
14266,58
14280,1372
14290,1729
14300,604
14325,1599
14329,351
14346,162
14364,1006
14383,162
14422,162
14429,162
14430,517
14449,1208
14454,36
14458,351
14479,1376
14491,162
14513,604
14517,443
14551,1384
14573,351
14609,604
14617,1011
14621,517
14633,443
14639,36
14646,604
14655,1405
14667,49
14695,516
14727,352
14734,1385
14790,48
14793,1446
14861,351
14874,1370
14877,1723
14886,1332
14888,37
14892,1385
14905,1446
14918,1607
14970,1607
14977,604
14983,1384
14993,164
15006,162
15012,37
15021,32
15035,1446
15048,595
15056,351
15072,604
15078,36
15095,32
15129,604
15136,604
15159,67
15168,1208
15172,1599
15173,53
15175,1617
15204,162
15206,1607
15222,1607
15246,356
15249,604
15254,351
15274,48
15283,32
15289,1006
15317,604
15319,48
15324,352
15328,1723
15333,67
15345,349
15374,33
15394,36
15403,49
15405,164
15438,349
15454,162
15459,34
15464,517
15505,35
15535,1376
15607,32
15613,1385
15648,604
15662,604
15668,604
15671,48
15708,1006
15711,352
15774,1617
15784,65
15786,33
15790,1617
15799,1006
15800,1380
15814,595
15822,162
15824,32
15835,162
15840,604
15844,33
15845,162
15863,1376
15869,439
15883,443
15907,1385
15925,48
15926,454
15931,517
15947,37
15963,1607
15972,1006
15974,439
15977,1371
15987,349
16000,1006
16002,1380
16004,1011
16041,1371
16068,162
16072,352
16080,604
16118,1385
16121,33
16141,1388
16142,439
16143,1332
16173,34
16179,162
16236,162
16241,1384
16254,1008
16256,604
16260,32
16273,162
16284,349
16303,352
16317,162
16328,60
16333,1446
16334,517
16337,604
16338,44
16345,162
16367,517
16370,1208
16373,1617
16377,162
16381,69
16390,67
16405,1208
16408,1013
16417,1010
16434,517
16435,1011
16441,68
16474,352
16477,1332
16483,352
16487,49
16516,1332
16523,351
16526,1008
16543,440
16553,58
16555,45
16576,32
16582,162
16586,604
16589,162
16599,48
16607,1010
16615,1384
16623,594
16693,162
16718,59
16726,164
16747,1388
16760,1723
16769,59
16782,1376
16793,1011
16806,1386
16817,46
16825,34
16834,351
16874,35
16889,1385
16897,595
16901,1009
16904,162
16914,1006
16915,33
16941,1370
16944,443
16955,1387
16993,352
17011,34
17012,604
17013,351
17063,36
17064,1011
17101,352
17107,1371
17132,517
17138,37
17167,352
17198,1380
17231,443
17240,517
17247,604
17265,49
17267,164
17311,604
17314,33
17317,48
17328,439
17337,1372
17339,32
17342,67
17344,1384
17354,1599
17356,604
17359,1371
17361,65
17379,1385
17384,604
17405,443
17432,352
17445,66
17447,1446
17449,604
17465,439
17488,34
17510,1607
17531,443
17538,352
17551,517
17559,443
17566,49
17589,443
17617,1387
17676,36
17702,1384
17712,443
17727,33
17749,439
17772,1013
17785,1405
17789,604
17792,44
17798,37
17825,1371
17840,604
17853,1405
17890,1384
17895,1617
17928,604
17929,33
17936,162
17947,66
17949,44
17960,1009
17966,1008
17976,37
17992,1617
17998,34
18002,604
18014,604
18027,1006
18110,164
18111,1011
18134,164
18136,67
18157,58
18174,517
18175,351
18188,1599
18196,33
18212,49
18237,352
18241,47
18253,53
18254,162
18266,162
18303,1405
18317,32
18355,162
18361,67
18362,595
18380,1617
18395,1616
18401,64
18407,162
18409,1446
18411,49
18428,162
18445,1385
18446,356
18479,164
18497,517
18502,1208
18523,1729
18551,604
18565,48
18575,36
18583,34
18607,516
18611,352
18632,1012
18633,1008
18636,64
18661,454
18665,67
18720,1607
18727,1006
18764,162
18781,59
18788,34
18796,65
18805,1006
18826,352
18828,162
18864,454
18909,164
18926,162
18938,352
18955,49
18962,1405
18977,356
18992,443
18999,356
19000,49
19002,162
19003,45
19010,1371
19041,352
19043,164
19055,1386
19093,604
19103,517
19108,162
19119,164
19152,162
19155,604
19160,162
19165,1617
19167,1008
19202,604
19210,44
19220,162
19223,162
19237,162
19241,1371
19246,517
19253,53
19271,1010
19283,162
19290,1370
19294,1208
19311,162
19335,352
19342,517
19355,1447
19362,356
19387,67
19420,351
19421,38
19435,1405
19450,1446
19463,37
19468,1208
19479,604
19497,162
19499,1006
19508,33
19527,36
19540,352
19571,162
19586,34
19611,1446
19625,443
19641,352
19652,439
19659,1371
19663,64
19673,34
19674,37
19677,443
19680,594
19683,1447
19700,352
19708,352
19717,1617
19731,1405
19756,604
19760,1447
19781,1723
19794,46
19797,32
19826,1388
19854,1006
19866,1599
19881,1723
19892,604
19899,454
19900,517
19912,440
19923,33
19928,443
19933,58
19943,69
19965,517
19979,352
19983,49
19989,443
20016,1010
20026,604
20034,349
20039,517
20061,604
20062,44
20068,53
20092,1384
20098,1388
20111,604
20112,517
20125,351
20128,162
20133,33
20134,46
20152,162
20156,604
20169,37
20194,162
20222,1723
20243,1616
20248,37
20253,1208
20254,604
20269,604
20270,441
20272,1405
20279,37
20287,1405
20289,36
20346,34
20359,162
20362,1011
20372,65
20380,1208
20391,37
20402,454
20416,162
20423,1617
20446,67
20469,58
20476,164
20480,162
20481,34
20483,67
20484,32
20506,517
20521,1010
20529,604
20542,49
20596,38
20597,1208
20605,1332
20633,1013
20655,1011
20665,1008
20670,1010
20741,1447
20761,352
20783,162
20801,162
20852,1384
20855,604
20859,49
20860,352
20863,443
20869,351
20881,517
20889,53
20894,1008
20920,1208
20926,604
20934,1385
20973,352
20993,517
21004,604
21009,67
21013,45
21019,356
21028,1384
21038,516
21041,1723
21048,34
21056,1208
21080,604
21088,349
21097,45
21104,517
21108,604
21114,349
21128,349
21129,604
21143,64
21155,1010
21178,67
21189,1385
21190,604
21198,352
21203,44
21215,1008
21250,1011
21256,604
21265,356
21269,36
21283,349
21292,1006
21301,162
21304,439
21305,162
21319,352
21344,65
21349,33
21352,351
21358,162
21367,517
21370,1599
21379,1447
21404,44
21429,67
21432,604
21434,1332
21440,517
21448,1723
21450,1405
21457,1011
21466,48
21470,1006
21489,1385
21497,1723
21498,604
21514,604
21518,46
21522,351
21528,1723
21550,356
21554,517
21556,1446
21570,58
21583,1381
21598,604
21599,595
21613,45
21670,1006
21680,1371
21706,49
21728,162
21741,1607
21742,1371
21747,37
21752,164
21779,1006
21784,1384
21795,1208
21798,1011
21799,44
21808,1332
21825,1617
21832,349
21846,352
21860,1006
21915,352
21922,1009
21929,351
21944,604
21971,352
21986,35
21993,1371
22008,35
22021,163
22039,58
22042,517
22044,1013
22051,604
22054,1006
22055,592
22077,38
22086,63
22096,349
22100,604
22108,67
22115,67
22120,517
22137,162
22139,351
22150,1723
22159,1405
22165,443
22173,351
22183,46
22192,604
22198,1723
22206,37
22218,162
22226,1370
22236,46
22249,351
22262,1012
22272,1370
22329,1370
22347,1370
22380,37
22383,352
22388,67
22394,1006
22402,65
22423,36
22436,604
22452,604
22459,443
22491,162
22519,69
22525,1405
22558,1372
22569,58
22579,1723
22591,38
22597,1013
22619,1617
22622,1447
22647,162
22650,162
22686,49
22694,1006
22723,595
22733,1012
22788,1599
22796,1006
22833,517
22836,46
22842,517
22861,49
22877,4760
22887,32
22900,68
22908,1607
22935,1405
22941,44
22964,1011
23008,1376
23027,162
23030,517
23045,162
23046,1006
23068,1372
23085,36
23104,352
23119,517
23146,36
23150,37
23156,1599
23157,65
23159,351
23171,517
23179,1447
23184,517
23198,162
23202,1008
23212,46
23252,1332
23269,443
23272,517
23284,1723
23287,1208
23290,164
23302,38
23313,33
23314,1006
23347,32
23350,1006
23378,352
23421,1208
23424,1607
23426,517
23434,517
23436,164
23456,516
23461,63
23467,36
23472,1617
23476,68
23490,32
23494,59
23500,1446
23507,32
23564,36
23568,1446
23597,517
23619,1006
23626,1011
23662,352
23672,349
23686,34
23706,1007
23719,352
23723,352
23731,439
23754,1010
23823,46
23830,604
23834,604
23879,454
23880,162
23882,604
23887,1447
23908,517
23937,37
23941,162
23944,1014
23964,162
23977,45
23980,441
24003,33
24013,46
24021,1013
24024,34
24083,162
24084,604
24094,46
24097,1388
24106,454
24118,1376
24146,604
24147,32
24164,517
24165,604
24187,443
24197,604
24232,594
24238,32
24239,517
24243,1332
24259,1384
24267,352
24283,604
24286,352
24292,1332
24299,352
24307,1447
24324,1009
24345,34
24354,1447
24361,163
24363,352
24370,162
24393,356
24396,67
24405,1208
24462,349
24487,352
24520,1332
24522,604
24545,34
24561,439
24568,1011
24591,439
24597,1007
24606,1380
24619,36
24625,454
24627,1447
24651,1599
24666,604
24668,33
24691,53
24702,604
24710,1014
24712,441
24721,351
24759,1405
24762,162
24767,517
24769,604
24795,351
24805,37
24821,162
24835,1372
24838,164
24839,595
24853,604
24858,1006
24859,1382
24878,37
24894,1371
24912,517
24927,349
24968,604
25005,454
25007,1405
25022,1371
25063,1372
25088,595
25093,37
25096,517
25099,439
25121,1372
25176,517
25179,352
25183,59
25219,604
25230,1384
25233,1607
25262,65
25280,604
25283,517
25304,162
25318,1405
25324,45
25352,46
25374,1332
25375,1384
25401,1723
25407,67
25421,1447
25442,517
25452,351
25453,33
25459,1008
25470,53
25471,1384
25497,1006
25528,49
25538,517
25553,1208
25602,1332
25632,1332
25657,443
25668,1405
25672,1607
25679,46
25695,604
25698,1405
25714,604
25769,1011
25793,163
25800,1405
25855,1332
25867,1388
25869,349
25884,1723
25901,45
25917,443
25957,443
25959,1013
25995,1370
26009,443
26047,34
26082,1007
26083,46
26100,162
26108,60
26150,349
26153,49
26195,44
26202,1385
26218,352
26221,1617
26228,1006
26236,46
26240,1007
26241,454
26293,517
26302,517
26303,1011
26304,162
26308,1384
26336,162
26339,34
26340,1011
26356,59
26366,38
26391,1006
26409,1372
26415,38
26421,1009
26422,351
26423,592
26458,1372
26469,32
26481,1380
26483,1607
26513,1405
26535,162
26541,1012
26592,349
26614,594
26620,517
26634,604
26672,1384
26677,49
26691,162
26728,1006
26731,46
26746,604
26775,604
26778,44
26806,162
26812,604
26832,439
26839,351
26845,1011
26850,1208
26862,443
26877,351
26898,1384
26905,443
26907,352
26909,1447
26910,48
26917,604
26923,1405
26945,162
26962,604
26973,1006
26976,352
26992,454
27012,1006
27013,33
27014,1008
27018,49
27019,1371
27022,162
27030,517
27079,37
27102,517
27116,1384
27148,604
27162,352
27164,1010
27178,32
27184,63
27185,351
27219,32
27223,1006
27230,1011
27237,162
27255,60
27256,517
27267,1447
27270,1385
27288,36
27318,36
27366,517
27374,1008
27395,162
27424,604
27445,44
27459,604
27507,1208
27532,1405
27543,162
27560,1006
27562,67
27569,49
27590,443
27606,1384
27643,604
27655,1405
27684,595
27690,162
27706,352
27716,604
27724,34
27728,44
27737,356
27762,1376
27765,352
27768,1006
27777,48
27778,517
27788,34
27800,439
27802,1385
27803,59
27839,1723
27844,441
27856,352
27857,36
27877,351
27884,517
27886,33
27894,1332
27895,604
27927,46
27932,604
27938,517
27960,38
27979,604
27981,1607
27989,65
28002,1371
28018,1007
28025,53
28027,351
28042,1332
28047,38
28048,162
28075,1011
28093,517
28105,604
28110,604
28127,604
28130,604
28133,356
28139,164
28172,440
28186,32
28202,443
28204,67
28232,32
28233,443
28250,59
28291,67
28326,1607
28339,68
28343,1010
28351,38
28363,352
28384,63
28397,34
28409,517
28421,34
28443,67
28498,1599
28500,604
28501,443
28504,1723
28506,1013
28544,1372
28545,1006
28555,356
28577,517
28585,1384
28594,1372
28595,592
28605,38
28622,604
28628,66
28664,604
28687,63
28692,1332
28699,1014
28703,352
28726,162
28727,604
28746,517
28767,34
28781,1370
28795,162
28798,1332
28815,162
28840,1447
28843,1010
28846,67
28851,443
28854,63
28858,164
28861,352
28891,439
28937,162
28940,1723
28948,1006
28955,351
28959,604
29007,49
29015,1370
29028,65
29043,37
29068,443
29072,162
29083,67
29091,443
29094,1006
29097,443
29101,439
29117,1599
29125,351
29142,1332
29164,604
29167,36
29182,352
29191,604
29197,58
29224,454
29228,1332
29234,164
29239,1405
29243,443
29245,53
29263,1332
29299,1014
29300,36
29302,1012
29303,53
29309,595
29333,1386
29349,162
29385,1006
29395,604
29409,592
29483,60
29523,164
29524,1405
29532,1008
29534,64
29554,604
29562,37
29600,439
29601,352
29609,517
29616,517
29631,36
29633,69
29639,162
29641,162
29647,443
29659,162
29670,1371
29706,517
29707,1723
29723,1384
29749,1006
29754,36
29759,49
29762,65
29780,1008
29784,352
29788,1013
29791,36
29799,162
29809,34
29820,1014
29824,1616
29827,1388
29850,349
29871,1387
29880,48
29885,1006
29887,1405
29912,162
29921,1405
29985,33
29987,53
29993,32
30023,517
30026,1599
30037,595
30056,1208
30057,1607
30090,68
30113,604
30115,162
30137,517
30157,1208
30166,162
30175,1723
30201,604
30207,1011
30212,1384
30218,48
30221,1723
30236,356
30251,67
30267,1010
30277,517
30320,162
30338,1011
30346,44
30356,604
30364,604
30376,65
30378,1332
30383,37
30384,604
30386,164
30419,443
30426,1014
30432,1007
30441,164
30452,1012
30466,352
30484,65
30515,53
30524,439
30525,1372
30528,1599
30541,604
30569,1332
30572,1332
30582,1208
30584,517
30591,604
30594,34
30624,162
30639,439
30664,1014
30676,1208
30678,1607
30680,33
30686,604
30689,1607
30702,352
30704,38
30708,604
30718,349
30754,594
30758,69
30768,351
30800,1384
30807,1446
30823,517
30825,604
30827,1723
30841,1723
30856,1370
30873,1617
30882,44
30883,37
30928,36
30941,352
30965,164
31042,162
31059,604
31061,517
31068,46
31075,1599
31098,162
31106,34
31109,164
31112,604
31115,1447
31122,37
31151,1208
31157,1208
31170,604
31175,49
31176,604
31178,443
31207,595
31223,517
31224,1008
31233,1006
31256,517
31264,517
31274,162
31298,34
31300,1008
31317,1405
31328,517
31367,517
31377,48
31383,1405
31387,1010
31421,36
31433,1008
31471,352
31500,356
31525,1617
31527,164
31533,1386
31535,517
31548,604
31577,37
31604,163
31608,65
31609,1372
31623,443
31639,49
31654,1447
31694,1447
31720,517
31735,604
31736,162
31739,37
31811,37
31825,49
31826,1723
31844,33
31845,1006
31853,162
31857,164
31860,1013
31862,517
31873,59
31896,164
31910,48
31911,49
31912,1384
31930,1382
31933,37
31934,46
31937,162
31962,443
31974,1607
31977,33
31987,33
32010,35
32016,1723
32024,1011
32049,1723
32072,162
32083,33
32093,439
32101,1006
32114,34
32118,1607
32127,349
32129,1011
32136,1723
32161,37
32197,352
32208,517
32250,352
32281,1208
32288,1405
32312,67
32330,162
32366,65
32386,1332
32411,162
32428,1617
32439,1008
32443,1405
32457,34
32461,162
32462,604
32463,69
32466,1387
32481,32
32483,1723
32492,1208
32508,58
32512,352
32539,604
32547,1370
32555,443
32565,1371
32617,443
32620,49
32631,604
32638,36
32661,1446
32664,442
32665,32
32678,1405
32708,1617
32720,49
32734,604
32806,59
32818,441
32839,351
32866,1006
32876,48
32883,46
32892,604
32902,1011
32918,162
32929,439
32931,1447
32940,356
32943,1376
32960,34
32988,1385
33000,604
33018,1006
33039,1617
33040,164
33041,1208
33065,351
33089,35
33091,1006
33093,32
33107,604
33113,1405
33123,1006
33136,37
33145,69
33147,443
33168,604
33174,352
33222,517
33247,164
33250,34
33254,516
33256,36
33309,49
33332,517
33337,1723
33338,1385
33371,1006
33384,34
33405,162
33428,1380
33430,49
33432,349
33435,162
33456,32
33470,162
33472,1013
33478,37
33483,162
33500,162
33501,349
33530,1723
33542,517
33563,352
33566,1723
33567,443
33602,1617
33608,352
33614,352
33620,36
33628,162
33634,604
33636,1208
33641,69
33649,604
33660,1006
33708,604
33722,1446
33751,439
33806,1388
33815,58
33826,604
33828,604
33831,162
33851,1006
33859,352
33862,443
33883,1372
33887,440
33890,1617
33894,67
33899,1014
33903,604
33908,517
33917,1013
33935,1332
33937,1007
33938,4760
33944,1607
33976,604
33990,37
34040,162
34044,604
34059,1006
34106,454
34107,349
34123,443
34127,67
34131,162
34133,65
34148,162
34151,1446
34160,595
34171,1388
34197,443
34218,33
34225,64
34233,1007
34243,1447
34249,46
34269,517
34272,604
34274,65
34289,604
34294,604
34314,1607
34323,64
34350,352
34359,164
34361,517
34379,37
34417,1208
34442,1388
34460,352
34481,1385
34484,33
34485,1208
34491,45
34510,604
34512,604
34514,1384
34522,1617
34523,162
34536,517
34547,441
34590,1723
34592,443
34603,604
34604,44
34607,162
34645,604
34651,604
34670,1012
34692,517
34697,162
34702,1007
34726,352
34740,604
34741,517
34766,1208
34776,439
34786,604
34791,33
34812,1332
34819,35
34820,162
34857,517
34867,443
34896,351
34901,443
34917,34
34943,351
34958,34
34970,1599
34984,36
34986,162
34988,1332
34995,1006
35000,604
35001,1617
35020,162
35026,443
35032,517
35037,164
35054,34
35087,1372
35104,60
35132,349
35133,517
35142,517
35179,1372
35185,439
35203,66
35210,1607
35211,63
35223,1385
35226,59
35233,352
35239,67
35243,604
35247,1446
35305,1008
35313,604
35328,1607
35339,65
35359,1014
35370,36
35388,517
35390,443
35408,1405
35409,439
35436,1008
35439,44
35451,604
35459,1382
35460,1617
35462,37
35475,604
35486,68
35529,1723
35534,162
35557,36
35612,1723
35633,33
35634,517
35648,351
35655,517
35656,1010
35664,1006
35686,1006
35696,517
35719,1376
35743,162
35746,1332
35756,604
35771,351
35775,604
35795,34
35803,32
35810,1385
35811,1405
35825,443
35830,1332
35831,45
35854,604
35858,37
35859,443
35869,35
35882,49
35885,164
35887,352
35895,1723
35901,1382
35914,64
35929,1332
35938,1008
35955,37
35960,1208
35976,59
35982,162
35990,1385
36002,164
36022,439
36023,67
36070,604
36071,604
36131,1006
36134,604
36136,604
36155,1208
36179,64
36188,356
36206,162
36215,604
36221,352
36228,64
36265,49
36273,44
36287,1012
36290,49
36295,1208
36300,1376
36303,595
36349,439
36350,1447
36375,1006
36389,1384
36391,1372
36392,162
36405,1372
36412,37
36449,162
36455,162
36456,454
36464,1372
36470,517
36479,1008
36483,1011
36499,352
36500,33
36516,1729
36558,517
36575,604
36580,1446
36582,44
36586,349
36600,1616
36608,162
36623,1607
36635,67
36636,1013
36641,1370
36646,349
36648,352
36714,1006
36733,162
36736,351
36751,604
36757,1617
36761,49
36794,604
36803,604
36804,1332
36811,443
36819,351
36837,454
36875,67
36889,162
36893,1008
36894,1384
36899,1616
36901,162
36914,1008
36922,162
36924,352
36964,1385
36970,1447
36996,164
36998,604
37022,45
37025,65
37040,162
37050,1617
37051,517
37068,45
37083,35
37115,352
37121,1371
37144,1010
37176,64
37179,1008
37195,1447
37200,1371
37205,1723
37208,1723
37233,595
37249,1386
37262,1208
37264,443
37277,1008
37285,1723
37310,1376
37314,36
37320,33
37324,439
37331,1008
37349,67
37351,595
37355,164
37393,44
37409,517
37456,517
37476,1011
37478,1372
37482,604
37484,604
37503,164
37507,164
37514,1384
37551,1011
37558,37
37566,604
37576,1332
37591,1332
37638,517
37645,1446
37654,1014
37655,1385
37680,63
37684,59
37686,517
37687,1009
37708,58
37716,162
37745,1405
37747,517
37753,1617
37760,1009
37776,67
37791,352
37794,1384
37808,164
37809,1384
37842,35
37848,595
37849,350
37853,517
37863,49
37864,517
37876,1012
37883,352
37894,36
37902,1405
37910,1599
37914,1006
37939,1372
37952,162
37968,1617
37990,68
37998,1723
38009,162
38044,1014
38068,1332
38081,352
38099,1371
38125,162
38144,162
38155,517
38198,1723
38220,63
38233,1006
38248,162
38259,162
38274,1382
38291,517
38305,1385
38319,1405
38349,439
38352,1723
38361,517
38386,349
38387,162
38408,604
38415,34
38438,33
38454,1447
38482,65
38502,162
38508,1616
38538,162
38542,1006
38544,69
38556,164
38585,48
38596,356
38602,1385
38617,353
38628,164
38673,67
38679,595
38695,1617
38731,439
38735,351
38737,162
38738,162
38744,1011
38765,59
38783,37
38784,33
38789,1382
38803,1006
38805,37
38808,162
38826,517
38838,1607
38844,594
38848,352
38853,1208
38876,32
38879,1723
38906,1371
38921,443
38935,517
38938,66
38943,352
38949,352
38971,352
38977,32
38989,604
39001,1617
39005,67
39006,1006
39013,1208
39037,1617
39064,349
39085,59
39096,164
39101,33
39124,604
39139,1208
39142,1012
39185,162
39196,33
39208,1384
39232,1723
39234,1006
39251,604
39255,1006
39257,49
39276,34
39289,58
39297,517
39317,163
39328,162
39358,1007
39368,439
39386,604
39418,1405
39426,604
39434,517
39438,1014
39441,46
39446,38
39470,356
39489,44
39491,46
39500,162
39507,1405
39531,1208
39549,33
39557,1446
39586,45
39598,604
39600,604
39634,38
39641,1208
39652,1607
39653,46
39675,517
39694,1332
39698,36
39713,65
39727,162
39730,517
39731,604
39740,604
39756,1386
39760,517
39780,1006
39781,46
39786,1010
39787,517
39792,517
39803,33
39808,517
39813,604
39814,59
39827,37
39859,36
39866,37
39868,439
39872,604
39883,454
39911,443
39921,352
39929,1372
39932,1008
39937,516
39962,1010
39966,49
39980,1332
39993,1012
40009,1013
40021,439
40130,37
40142,1208
40154,604
40181,1012
40193,1010
40199,1009
40241,60
40247,440
40260,454
40285,1371
40299,595
40318,1011
40333,1370
40342,59
40349,36
40356,162
40358,162
40359,1405
40363,34
40367,595
40375,49
40401,352
40408,1332
40428,37
40432,1723
40448,162
40452,604
40453,34
40468,46
40483,60
40484,38
40488,1447
40495,162
40512,37
40529,162
40535,517
40550,49
40553,1372
40582,1723
40595,441
40607,45
40673,68
40680,1006
40700,604
40709,1332
40738,162
40744,67
40749,64
40771,439
40775,58
40777,164
40780,604
40808,604
40811,352
40831,1376
40845,1447
40847,162
40860,1388
40884,1380
40890,38
40903,595
40907,595
40925,516
40951,356
40974,352
40975,517
40985,604
41011,352
41015,49
41016,36
41056,162
41082,595
41092,1723
41120,1607
41123,49
41136,1372
41141,68
41174,162
41190,1332
41192,1599
41199,517
41200,1447
41213,162
41228,349
41244,604
41260,604
41262,59
41277,32
41279,1599
41300,1006
41323,517
41324,604
41332,33
41354,1006
41356,1332
41378,1006
41390,604
41407,604
41425,1405
41443,604
41465,1607
41477,37
41483,351
41484,1013
41487,1382
41515,49
41522,162
41543,33
41545,604
41548,1617
41566,1723
41594,1208
41604,1723
41608,1384
41614,517
41649,53
41693,604
41701,439
41704,1384
41721,443
41746,604
41750,32
41754,351
41766,162
41776,604
41782,604
41784,351
41801,1013
41830,351
41867,37
41872,49
41888,1388
41894,604
41915,1010
41931,517
41939,1008
41960,352
41970,1447
41973,1447
41977,33
41996,1599
41999,1208
42015,59
42023,1380
42026,592
42043,1006
42052,1607
42064,59
42072,1013
42078,604
42083,47
42102,36
42116,1006
42128,349
42129,1385
42132,67
42150,46
42158,352
42197,517
42201,65
42231,1208
42234,1723
42277,1006
42297,351
42303,443
42313,49
42315,440
42329,37
42331,46
42362,164
42367,517
42383,604
42397,35
42401,1446
42406,49
42407,37
42412,1607
42423,1617
42427,63
42450,162
42472,443
42493,49
42509,604
42513,162
42514,1616
42529,352
42533,162
42550,1006
42555,49
42586,37
42594,162
42609,1607
42617,48
42624,604
42672,1008
42676,1388
42679,352
42695,1723
42735,517
42743,162
42763,162
42768,162
42778,1014
42780,66
42781,604
42795,34
42799,162
42804,1011
42828,53
42830,1009
42846,59
42863,67
42891,595
42911,604
42927,604
42934,1006
42967,34
42985,1008
42998,1405
43008,65
43029,443
43033,162
43058,34
43059,1607
43098,604
43112,1616
43120,439
43131,49
43139,164
43150,162
43164,1013
43172,1446
43187,517
43196,1332
43218,1446
43222,595
43252,1723
43254,1332
43257,604
43270,37
43286,1012
43296,49
43300,1405
43334,163
43336,1006
43339,1372
43344,351
43356,352
43390,1008
43408,604
43417,604
43420,65
43423,1617
43447,36
43449,1006
43457,49
43478,1447
43481,162
43482,604
43496,67
43530,1723
43553,162
43555,44
43567,38
43582,162
43595,594
43598,65
43605,37
43606,49
43618,1447
43648,67
43651,604
43666,69
43675,439
43686,517
43694,67
43703,351
43706,1332
43751,517
43755,162
43769,1617
43785,517
43789,1723
43821,443
43827,1372
43858,1607
43869,162
43871,162
43876,34
43907,517
43930,1385
43932,1617
43938,32
43941,443
43998,604
44009,46
44013,46
44017,49
44037,60
44038,53
44039,1388
44043,65
44045,1723
44048,604
44052,32
44070,35
44084,1012
44092,351
44114,1447
44124,48
44129,454
44155,67
44156,604
44179,517
44185,64
44196,1384
44214,517
44229,1332
44249,1371
44254,44
44261,47
44280,59
44284,67
44290,604
44297,604
44300,32
44303,1405
44304,34
44313,34
44323,37
44326,32
44338,47
44359,68
44379,1370
44383,1617
44417,58
44418,1617
44474,36
44502,37
44504,1405
44511,517
44573,32
44594,604
44596,1405
44621,1723
44625,46
44629,162
44633,1405
44654,595
44662,162
44668,1332
44678,162
44687,352
44695,34
44701,604
44705,454
44707,1008
44708,60
44724,517
44740,1447
44742,517
44746,595
44754,1384
44787,356
44824,517
44834,1006
44859,1607
44866,1371
44873,44
44877,162
44881,1208
44887,49
44905,1599
44911,65
44918,443
44966,164
44968,1332
45003,162
45012,517
45017,1384
45022,352
45026,604
45030,45
45045,49
45052,1382
45054,351
45055,454
45066,1617
45075,1013
45087,604
45092,66
45137,33
45143,59
45151,162
45173,604
45196,32
45201,48
45267,1446
45272,352
45308,1012
45338,1208
45348,59
45354,37
45365,352
45366,351
45367,65
45371,35
45381,443
45421,162
45428,162
45433,352
45449,454
45463,351
45489,1011
45502,352
45521,1384
45530,49
45534,1446
45540,1208
45552,44
45561,34
45573,1014
45589,162
45619,162
45621,1372
45638,517
45640,604
45664,162
45677,517
45695,517
45733,517
45757,33
45758,604
45768,164
45792,517
45821,1013
45822,604
45825,352
45848,162
45877,1447
45882,46
45901,162
45905,53
45919,37
45938,604
45941,1011
45942,1013
45953,1723
45964,604
45970,1371
46005,604
46015,33
46038,1208
46042,1447
46058,1384
46075,1006
46078,1446
46109,1617
46129,1370
46132,38
46136,46
46140,1599
46179,352
46187,53
46188,1405
46198,352
46242,443
46254,44
46257,34
46262,1371
46267,1384
46270,351
46272,443
46276,1387
46277,1607
46285,1006
46298,164
46310,604
46314,1014
46328,1332
46339,1405
46348,1384
46372,1011
46380,34
46383,454
46393,1008
46408,1405
46409,604
46414,1006
46426,604
46436,49
46444,1723
46448,604
46451,1723
46452,53
46454,1723
46458,36
46471,1385
46480,34
46532,517
46564,1617
46567,1607
46575,604
46577,1011
46585,604
46597,349
46604,1723
46628,604
46633,1370
46654,1012
46655,1388
46669,1386
46680,604
46687,1006
46698,604
46707,517
46711,63
46725,162
46735,164
46738,48
46754,517
46761,34
46798,1332
46821,349
46839,517
46857,162
46868,36
46903,352
46907,32
46925,1208
46926,36
46927,1208
46931,1723
46950,1405
46953,440
46965,67
46967,34
46986,35
47004,604
47011,1617
47021,37
47027,164
47028,36
47036,604
47043,1011
47045,1384
47066,604
47073,1599
47091,443
47099,1007
47100,352
47119,604
47121,1011
47124,59
47127,517
47128,1008
47129,36
47144,1723
47145,1385
47148,164
47171,33
47181,65
47199,58
47202,49
47222,517
47224,1723
47228,164
47246,1447
47256,162
47276,1384
47291,595
47292,443
47308,163
47326,604
47332,1371
47355,58
47364,352
47378,604
47392,164
47409,595
47425,1006
47427,439
47447,32
47451,33
47484,1723
47488,44
47499,65
47536,1723
47538,517
47550,1013
47551,604
47552,1008
47557,1384
47569,34
47572,59
47583,48
47594,1372
47603,38
47642,443
47649,517
47666,516
47675,48
47685,1008
47695,162
47711,46
47713,1332
47714,1208
47749,1208
47780,604
47781,604
47800,1376
47805,1723
47811,162
47812,517
47818,46
47825,349
47841,49
47851,604
47859,1007
47873,48
47876,1447
47902,1006
47909,1006
47910,1006
47932,439
47935,36
47940,1599
47943,517
47958,59
47964,517
47966,352
48000,1011
48019,1723
48025,64
48027,58
48033,164
48036,443
48055,162
48064,1208
48072,604
48086,1008
48102,58
48103,1380
48109,59
48117,162
48123,162
48134,604
48140,34
48154,604
48162,351
48164,162
48176,162
48184,352
48185,37
48192,1376
48195,34
48230,60
48231,351
48232,1014
48240,604
48246,59
48257,164
48274,517
48284,604
48303,32
48312,67
48314,37
48319,46
48354,517
48359,49
48360,59
48364,1723
48387,69
48427,162
48433,441
48440,604
48469,1006
48474,32
48493,1599
48499,441
48532,67
48550,604
48560,162
48563,162
48593,1013
48600,604
48609,1723
48639,44
48641,1446
48644,46
48646,352
48656,60
48659,517
48663,1386
48666,1011
48669,1010
48672,1208
48681,1006
48694,37
48703,162
48706,45
48711,34
48732,34
48763,604
48781,352
48789,1011
48863,439
48879,352
48932,1617
48937,1011
48941,443
48948,38
48949,162
48951,604
48963,162
48967,164
48982,1008
49041,1382
49045,352
49057,38
49121,351
49128,162
49139,1388
49166,1370
49175,58
49181,162
49187,1447
49191,63
49198,1607
49209,1607
49213,37
49228,1011
49236,46
49248,1388
49252,439
49267,604
49268,517
49281,517
49292,49
49303,59
49304,1011
49313,163
49318,1405
49325,517
49338,517
49378,604
49388,351
49399,1382
49416,46
49419,1446
49424,36
49426,37
49442,1617
49456,1384
49466,1386
49473,1388
49481,1371
49499,352
49513,351
49548,443
49554,1447
49572,351
49587,1372
49610,33
49632,352
49661,162
49671,63
49672,1723
49701,34
49717,1006
49719,1607
49726,162
49740,45
49763,32
49771,517
49813,1208
49815,1006
49819,517
49838,33
49840,163
49844,1405
49853,595
49868,34
49885,604
49917,442
49942,1370
49944,53
49951,516
49966,1013
49983,352
49986,162
49994,1446
49995,162
50005,604
50007,162
50041,1384
50052,162