19,231
53,275
56,11
70,11
80,122
100,249
107,275
123,5044
127,22
130,453
136,94
148,332
164,22
209,332
217,94
225,453
252,95
258,574
284,11
290,574
312,11
319,94
324,1374
342,96
343,106
363,1374
377,106
398,106
404,230
405,574
426,1374
427,11
433,94
449,106
479,332
505,106
509,453
552,574
601,574
607,1338
610,121
629,11
662,122
678,106
679,122
720,121
727,1462
728,453
756,319
810,231
812,106
828,106
830,106
835,574
874,107
882,574
897,106
908,113
929,123
945,11
959,122
995,11
1003,283
1009,11
1010,95
1028,574
1054,122
1067,106
1135,122
1162,274
1189,332
1210,106
1214,275
1264,22
1306,106
1332,332
1344,1374
1349,11
1358,106
1424,106
1426,94
1428,106
1434,94
1435,231
1451,94
1459,332
1467,1462
1470,1374
1487,1463
1525,1462
1530,122
1535,11
1538,283
1545,122
1571,319
1600,122
1656,275
1670,11
1682,574
1697,106
1728,1374
1737,105
1743,11
1767,574
1786,106
1788,229
1850,106
1859,1389
1884,11
1896,332
1903,122
1906,11
1910,275
1928,275
1937,106
1973,113
1975,574
1980,11
1981,275
2005,11
2018,288
2044,122
2050,453
2058,107
2062,122
2075,106
2121,120
2132,123
2166,11
2179,1374
2200,22
2205,122
2219,112
2254,11
2272,122
2274,106
2275,94
2284,1374
2302,1374
2312,358
2315,11
2321,453
2340,123
2363,453
2365,106
2370,11
2418,332
2422,122
2436,229
2445,465
2450,11
2553,106
2561,122
2572,11
2575,95
2578,106
2591,106
2593,453
2621,94
2642,11
2643,106
2650,574
2651,332
2661,122
2708,123
2716,453
2717,123
2722,332
2734,11
2736,1374
2761,465
2793,249
2823,494
2840,22
2852,122
2853,106
2883,231
2954,94
2973,230
2974,574
2987,22
2996,11
2999,11
3021,11
3032,274
3045,1374
3047,122
3050,358
3074,285
3079,231
3102,275
3109,1374
3148,22
3165,123
3212,101
3216,453
3261,1463
3284,11
3292,122
3296,106
3310,574
3315,123
3344,231
3361,358
3387,332
3409,1374
3415,574
3500,105
3517,106
3532,11
3534,453
3540,122
3544,21
3548,332
3587,106
3599,123
3602,574
3628,11
3643,11
3646,95
3648,22
3656,4765
3701,332
3705,121
3726,283
3735,1374
3768,106
3777,94
3795,122
3871,106
3874,94
3893,122
3897,574
3898,96
3904,274
3919,229
3924,106
3926,332
3929,11
3939,5044
3947,113
3958,106
3968,275
3973,1374
3978,11
3981,332
4000,275
4006,574
4069,106
4088,122
4119,1338
4122,332
4130,122
4145,120
4156,1570
4169,101
4171,105
4179,229
4186,120
4196,288
4201,22
4222,1374
4223,1439
4231,123
4323,453
4394,101
4401,101
4406,1374
4412,319
4420,283
4423,122
4437,121
4483,120
4487,106
4488,22
4534,106
4596,574
4599,358
4612,11
4643,11
4652,11
4668,464
4694,11
4712,275
4714,106
4789,122
4791,319
4801,5044
4804,112
4876,1374
4920,575
4931,574
4937,574
4948,453
4955,106
4959,1374
4979,22
4986,230
5027,122
5031,229
5054,574
5091,106
5100,574
5105,94
5110,120
5115,574
5118,106
5148,11
5156,453
5159,1463
5185,94
5190,453
5244,332
5276,106
5346,358
5352,358
5355,1374
5356,332
5358,1374
5376,574
5384,358
5386,5044
5390,453
5392,101
5394,106
5397,11
5400,574
5436,11
5470,1374
5486,574
5536,1374
5543,21
5548,122
5551,122
5557,1374
5559,275
5567,94
5633,22
5650,11
5654,105
5669,11
5680,5044
5694,108
5699,123
5700,275
5702,122
5726,281
5736,229
5745,11
5751,286
5780,1374
5788,453
5789,1374
5791,453
5801,574
5846,106
5849,11
5875,11
5883,574
5885,1462
5900,11
5943,453
5946,122
5948,106
5949,94
5960,332
5970,11
5974,94
6003,574
6004,94
6013,122
6021,94
6033,453
6036,122
6045,100
6056,106
6077,453
6117,11
6133,122
6195,11
6198,574
6254,122
6307,106
6312,122
6314,22
6320,94
6322,11
6343,108
6360,22
6367,5044
6375,1374
6394,106
6397,1374
6450,1338
6451,123
6455,94
6463,11
6465,122
6470,1338
6494,574
6500,100
6503,1374
6506,231
6531,332
6594,319
6601,11
6615,106
6633,574
6670,11
6677,11
6731,11
6742,231
6744,102
6751,94
6765,122
6783,94
6812,11
6818,22
6819,22
6821,106
6849,1374
6865,332
6869,1462
6888,94
6889,1576
6890,106
6897,22
6910,574
6926,231
6942,332
6946,274
6977,465
6986,11
6990,11
7002,275
7024,574
7080,1389
7089,453
7116,21
7143,11
7153,106
7154,107
7176,106
7186,1374
7229,106
7241,5044
7247,1374
7256,94
7292,1400
7314,1374
7319,106
7384,1389
7417,453
7420,121
7459,94
7463,105
7468,574
7475,11
7511,11
7547,453
7563,11
7596,94
7598,1374
7614,230
7617,332
7627,285
7634,106
7638,11
7647,323
7652,275
7665,22
7716,94
7721,229
7722,100
7752,106
7773,1374
7796,106
7838,102
7853,94
7879,453
7907,11
7924,94
7929,11
7938,332
7939,106
7952,275
7968,11
7970,122
7972,332
7982,1391
7984,574
8022,11
8023,105
8025,1338
8045,11
8055,11
8070,106
8079,11
8082,94
8111,95
8120,319
8135,1374
8146,21
8166,120
8171,1374
8221,122
8228,11
8265,108
8268,319
8269,123
8288,11
8306,332
8324,94
8342,94
8390,94
8403,275
8426,231
8428,574
8437,453
8458,106
8465,574
8494,1463
8516,574
8518,230
8521,95
8532,4765
8592,95
8617,106
8630,1462
8631,332
8654,11
8657,11
8659,106
8672,1400
8678,4765
8696,283
8703,11
8711,283
8718,106
8742,121
8750,122
8767,106
8797,574
8800,106
8805,453
8845,122
8864,1389
8871,122
8902,574
8917,274
8935,1374
8937,94
8957,123
8960,275
8967,453
9013,11
9038,22
9056,1374
9102,122
9107,574
9136,122
9143,332
9144,358
9155,464
9187,106
9279,106
9307,11
9360,1400
9379,94
9381,94
9409,122
9410,106
9426,332
9438,121
9444,22
9446,231
9461,101
9545,106
9552,249
9566,122
9578,574
9580,319
9600,281
9630,121
9649,11
9654,1463
9659,120
9667,229
9779,275
9782,11
9796,122
9799,332
9804,1400
9830,332
9831,1374
9838,453
9851,453
9864,574
9876,574
9912,453
9917,122
9923,1374
9933,94
9955,11
9966,275
9990,1390
10027,11
10030,230
10031,1462
10040,231
10071,106
10087,11
10101,1374
10106,1462
10131,574
10174,1338
10178,229
10202,11
10224,332
10228,94
10230,22
10300,122
10302,1374
10313,231
10316,274
10341,122
10358,574
10361,11
10364,94
10380,453
10384,100
10410,106
10416,280
10418,453
10439,94
10466,275
10486,121
10516,106
10519,275
10520,105
10541,122
10570,106
10584,285
10705,229
10726,1374
10734,11
10747,113
10785,122
10789,107
10796,11
10807,332
10838,11
10878,332
10882,106
10892,11
10900,1374
10917,358
10949,332
10962,123
10969,11
10975,11
10983,275
10992,453
10998,106
11031,1389
11043,95
11050,358
11062,11
11065,106
11073,94
11084,1374
11109,283
11135,106
11143,11
11148,11
11158,122
11161,453
11163,106
11166,95
11173,332
11183,332
11185,106
11217,100
11220,319
11222,11
11237,101
11238,362
11254,121
11257,94
11281,1374
11312,11
11346,464
11355,231
11359,113
11372,5044
11387,574
11412,106
11485,453
11500,94
11545,1389
11557,1374
11579,1374
11604,1374
11617,278
11626,101
11630,4765
11645,230
11649,123
11683,275
11698,22
11759,332
11768,106
11790,11
11804,464
11810,94
11825,122
11826,453
11836,22
11871,106
11880,11
11892,106
11894,122
11911,122
11917,453
11941,94
11957,94
11977,11
11983,453
11993,11
12011,94
12020,11
12048,106
12065,120
12073,108
12083,94
12099,1400
12156,5044
12162,11
12193,329
12205,11
12225,453
12234,231
12256,95
12259,574
12289,21
12299,94
12310,100
12318,280
12345,94
12384,11
12396,574
12406,283
12407,275
12411,11
12428,1374
12433,94
12442,106
12444,1374
12449,100
12465,11
12466,332
12483,108
12484,11
12491,11
12545,11
12600,106
12621,11
12626,574
12631,94
12635,11
12641,122
12679,106
12687,94
12695,574
12698,1391
12717,106
12754,275
12767,332
12828,1391
12830,574
12838,96
12853,231
12862,122
12868,453
12876,123
12884,95
12906,108
12927,106
12938,122
12957,11
12974,94
12984,101
13014,11
13016,453
13017,11
13034,106
13038,574
13047,94
13070,11
13074,1338
13089,464
13092,95
13096,1374
13119,11
13123,22
13131,94
13134,358
13161,494
13171,106
13188,5044
13189,358
13220,11
13222,106
13226,106
13248,453
13256,231
13265,106
13286,105
13298,4765
13365,11
13415,332
13464,5044
13487,1374
13495,22
13498,123
13501,106
13506,574
13530,21
13536,94
13545,106
13582,11
13597,574
13612,1391
13683,574
13701,107
13727,1374
13738,94
13763,4765
13776,11
13799,574
13805,122
13833,122
13838,94
13848,122
13853,275
13856,106
13861,1463
13864,102
13876,230
13881,11
13886,1374
13901,122
13906,94
13994,22
14007,101
14034,1389
14076,275
14078,122
14082,11
14095,122
14100,106
14140,1338
14143,122
14161,231
14170,121
14183,94
14197,94
14201,1576
14207,453
14210,574
14234,1374
14252,11
14265,101
14275,106
14278,230
14288,106
14296,94
14341,120
14377,574
14384,106
14398,106
14466,106
14483,358
14508,106
14531,100
14556,4765
14568,229
14574,106
14582,11
14594,332
14648,106
14649,105
14651,4765
14656,453
14668,1389
14685,22
14687,11
14692,332
14697,11
14709,106
14724,11
14726,106
14743,106
14814,230
14862,106
14865,11
14890,574
14895,106
14901,101
14943,11
14953,106
14965,4765
14988,332
15040,283
15057,22
15079,106
15080,106
15089,94
15099,122
15115,453
15132,11
15155,11
15182,120
15194,11
15201,94
15210,22
15272,94
15288,11
15318,11
15339,11
15347,94
15375,94
15377,94
15436,101
15437,106
15456,121
15466,1374
15468,11
15473,1338
15483,122
15490,4765
15511,574
15516,231
15518,106
15519,11
15520,334
15531,11
15532,1391
15537,122
15559,122
15581,574
15589,11
15590,5149
15620,574
15627,277
15634,122
15643,22
15650,1462
15657,106
15678,332
15683,231
15703,11
15712,287
15723,453
15741,94
15753,574
15754,11
15755,94
15767,11
15791,123
15839,231
15843,1463
15848,106
15854,275
15860,332
15862,332
15872,121
15899,106
15902,574
15914,123
15927,319
15951,332
15955,1462
16006,122
16042,106
16070,11
16076,121
16079,11
16096,1374
16105,318
16126,11
16152,332
16156,1389
16157,453
16196,358
16223,107
16229,1374
16247,95
16266,100
16286,122
16325,94
16335,94
16344,11
16368,94
16374,574
16378,274
16400,231
16426,102
16438,5044
16447,332
16459,4765
16537,106
16539,101
16545,11
16548,275
16554,11
16556,11
16557,120
16564,453
16569,123
16608,453
16611,283
16612,5044
16624,106
16634,1374
16639,22
16644,1439
16650,106
16656,1374
16661,11
16664,106
16667,22
16691,22
16715,281
16722,11
16738,94
16748,94
16796,453
16828,1463
16840,319
16854,106
16860,123
16866,1389
16869,108
16871,574
16881,574
16912,274
16936,274
16957,122
16966,94
16969,11
16972,106
17022,106
17044,464
17072,107
17129,94
17137,574
17144,1374
17149,5149
17171,1374
17190,11
17210,574
17213,123
17245,94
17268,106
17300,113
17326,11
17327,120
17369,106
17373,1400
17383,122
17392,106
17404,283
17411,94
17413,319
17414,1576
17423,122
17424,100
17440,106
17451,106
17459,122
17469,11
17482,121
17502,11
17511,1374
17515,574
17516,106
17529,11
17540,1374
17545,453
17564,106
17568,122
17572,1374
17607,574
17608,1338
17622,100
17625,574
17634,94
17644,106
17655,11
17684,106
17707,283
17709,106
17720,106
17722,1374
17733,108
17744,1374
17809,231
17820,121
17835,453
17841,332
17844,108
17849,332
17857,22
17867,11
17896,574
17897,106
17902,319
17910,122
17915,94
17922,11
17923,574
17953,107
17956,120
17971,107
17990,106
18047,101
18078,106
18106,106
18117,332
18123,94
18142,275
18204,1389
18209,108
18216,1374
18218,1374
18234,101
18263,11
18284,22
18295,106
18308,332
18329,11
18335,122
18391,106
18421,94
18423,106
18429,22
18434,11
18462,494
18463,22
18504,11
18512,574
18567,11
18591,106
18603,122
18624,275
18653,358
18657,231
18681,574
18691,231
18734,106
18739,122
18742,332
18766,358
18773,106
18818,21
18833,1374
18845,121
18848,101
18858,332
18863,106
18882,122
18888,11
18907,122
18908,106
18910,121
18927,11
18932,122
18942,106
18943,11
18946,1462
18948,106
18964,100
18969,231
18975,11
18978,94
18988,122
18990,1374
19007,106
19031,106
19053,106
19062,1374
19065,574
19078,11
19082,1457
19109,121
19133,21
19134,332
19149,332
19153,120
19172,106
19173,106
19231,95
19232,319
19239,94
19240,574
19328,453
19363,95
19370,122
19378,1338
19422,11
19430,332
19433,231
19441,229
19453,275
19472,122
19484,120
19489,95
19514,11
19579,11
19584,122
19591,1338
19603,106
19604,123
19608,231
19620,230
19623,22
19635,122
19669,231
19686,4765
19696,106
19710,100
19712,122
19715,11
19737,107
19740,11
19748,11
19753,106
19762,229
19765,94
19793,11
19807,1374
19822,100
19827,1338
19834,1400
19864,453
19891,94
19896,106
19930,11
19934,1338
19937,106
19955,574
19956,122
19957,106
19963,122
19969,275
19977,122
19988,453
20087,275
20096,108
20100,453
20115,122
20119,464
20129,94
20155,285
20167,21
20198,574
20208,319
20211,21
20214,453
20219,100
20225,11
20229,11
20313,22
20328,108
20329,106
20348,106
20355,231
20379,1338
20388,1338
20417,94
20454,122
20465,120
20488,122
20503,1374
20505,121
20520,122
20541,5044
20550,453
20553,319
20577,122
20580,230
20598,122
20629,123
20632,11
20640,11
20652,106
20666,275
20713,100
20720,332
20745,11
20748,94
20810,11
20828,275
20848,22
20898,11
20899,1374
20923,453
20945,106
20968,1338
20979,574
20981,94
20999,11
21022,453
21047,1374
21055,106
21063,100
21091,362
21100,1374
21123,122
21142,574
21144,574
21148,95
21172,5044
21184,11
21199,1391
21204,22
21209,122
21220,94
21233,230
21242,120
21243,1374
21244,453
21249,230
21264,332
21281,1374
21290,11
21293,358
21298,231
21307,11
21314,274
21318,358
21324,101
21329,106
21359,113
21388,1374
21405,11
21444,113
21453,106
21471,282
21472,106
21473,1374
21480,11
21481,106
21512,574
21544,1374
21559,231
21571,94
21579,358
21600,1374
21606,275
21620,122
21628,1462
21642,94
21645,11
21654,101
21662,94
21663,1463
21691,106
21696,574
21702,229
21729,231
21791,1374
21802,11
21812,275
21816,113
21824,464
21865,95
21869,102
21891,574
21895,11
21897,1400
21901,574
21907,22
21917,11
21930,22
21935,280
21963,229
21970,11
21987,94
21991,11
21998,94
22003,574
22010,231
22018,94
22046,574
22062,11
22063,332
22083,574
22148,100
22154,231
22185,11
22189,275
22205,121
22219,11
22220,574
22222,464
22227,123
22258,22
22265,122
22308,122
22310,122
22335,106
22337,1390
22339,106
22355,1338
22357,94
22366,106
22385,106
22387,1374
22407,574
22411,120
22424,123
22438,574
22512,106
22541,122
22548,453
22575,1400
22601,1374
22639,106
22648,1338
22654,106
22658,285
22693,94
22696,94
22709,574
22711,11
22719,11
22731,574
22740,1374
22749,101
22753,106
22771,11
22792,11
22805,21
22830,106
22831,1389
22870,275
22882,95
22897,106
22911,11
22921,283
22933,94
22934,1576
22949,95
22950,100
22952,100
22956,5044
22982,22
22983,122
23016,1374
23020,5044
23023,122
23036,94
23058,285
23059,11
23072,574
23097,11
23144,319
23180,122
23185,106
23186,122
23200,275
23208,1374
23216,94
23218,122
23262,275
23301,106
23327,11
23353,275
23354,106
23361,106
23410,106
23413,106
23471,453
23478,574
23482,11
23515,574
23525,1374
23558,22
23588,11
23598,94
23606,453
23608,574
23622,574
23648,94
23653,122
23654,11
23657,332
23664,101
23682,1374
23691,94
23695,332
23716,11
23729,11
23739,22
23773,463
23793,1400
23795,275
23802,11
23812,122
23881,274
23884,106
23906,453
23935,11
23936,275
23954,1389
23976,106
23983,275
23987,11
23989,453
23993,5044
24000,106
24007,11
24008,230
24010,574
24036,453
24053,358
24054,21
24056,120
24062,275
24142,11
24151,11
24158,5044
24166,94
24169,274
24174,1463
24181,101
24186,453
24221,1374
24224,1400
24237,11
24241,11
24275,453
24276,358
24289,231
24305,1462
24331,11
24418,101
24449,1374
24451,229
24476,11
24501,1374
24529,122
24612,358
24652,105
24711,95
24715,230
24733,1338
24734,1374
24756,230
24760,1374
24768,94
24782,574
24816,94
24850,122
24863,106
24884,94
24886,453
24899,121
24900,319
24916,22
24928,106
24936,274
24944,1374
24953,332
24956,101
24966,106
24967,275
24973,11
24985,94
25028,453
25029,574
25034,123
25035,123
25036,11
25041,453
25056,94
25072,122
25098,1374
25107,1374
25127,332
25134,11
25139,1391
25171,230
25175,231
25195,113
25201,5044
25227,106
25270,94
25286,94
25289,231
25293,94
25326,122
25334,120
25338,231
25341,231
25382,4765
25384,22
25395,106
25406,11
25422,106
25432,106
25447,1374
25448,108
25455,106
25475,122
25503,1338
25523,1374
25544,94
25551,106
25578,122
25579,1374
25585,464
25588,106
25607,94
25614,121
25628,100
25664,106
25680,107
25707,94
25737,21
25757,95
25772,332
25773,1462
25789,231
25794,332
25798,574
25807,94
25837,11
25847,22
25872,106
25878,106
25896,106
25898,122
25908,101
25924,1389
25927,106
25934,1374
25946,94
25950,11
25974,122
25975,574
25982,122
25985,358
26011,106
26013,107
26014,1374
26019,122
26022,100
26028,11
26048,122
26134,22
26152,94
26160,22
26162,122
26165,453
26179,94
26189,11
26196,574
26253,1389
26272,453
26273,11
26284,1374
26301,106
26305,106
26384,11
26387,100
26394,11
26437,122
26440,574
26455,108
26459,574
26463,464
26479,574
26496,96
26504,106
26524,105
26529,453
26539,106
26565,94
26586,112
26597,11
26617,122
26629,106
26630,94
26631,94
26632,123
26658,275
26676,94
26701,121
26710,122
26712,94
26739,11
26745,1374
26757,574
26783,574
26790,123
26794,11
26800,94
26838,453
26842,94
26843,106
26946,332
26958,11
26959,11
26969,11
26974,231
26985,94
26998,106
27032,94
27037,5044
27057,100
27068,5044
27076,574
27095,231
27114,94
27125,319
27144,1389
27151,22
27171,231
27180,333
27226,574
27233,1338
27249,464
27257,106
27260,100
27263,11
27273,1576
27294,106
27328,11
27361,1338
27363,453
27391,106
27439,21
27440,230
27443,574
27456,108
27457,283
27477,94
27509,94
27521,106
27556,120
27561,11
27581,94
27605,120
27662,94
27673,574
27677,1391
27686,121
27689,574
27705,11
27710,21
27733,453
27804,95
27806,11
27807,11
27812,106
27828,277
27829,11
27843,11
27961,106
27962,120
27964,122
27975,94
27988,11
28007,106
28010,284
28020,11
28040,120
28045,106
28059,453
28069,94
28071,94
28088,113
28092,11
28116,100
28132,94
28147,275
28149,122
28155,106
28157,106
28162,106
28174,11
28214,230
28226,574
28230,120
28243,122
28268,1374
28321,574
28338,94
28385,11
28413,362
28419,1462
28420,1389
28474,121
28484,275
28490,106
28522,94
28532,11
28537,120
28571,94
28578,1374
28593,94
28604,11
28606,122
28607,22
28613,332
28615,574
28616,106
28661,5044
28681,319
28720,11
28722,106
28729,106
28737,574
28744,123
28816,94
28826,332
28834,1374
28847,274
28870,323
28917,275
28920,1374
28934,231
28943,22
28982,22
28991,358
29002,11
29020,123
29022,22
29055,11
29067,453
29090,122
29113,4765
29137,1462
29140,106
29155,453
29162,94
29165,275
29205,332
29221,5044
29232,231
29280,108
29282,1338
29323,94
29331,358
29346,22
29367,94
29369,11
29401,5044
29403,453
29406,102
29436,453
29446,283
29466,11
29474,1374
29485,11
29497,94
29500,106
29511,11
29512,1374
29564,275
29568,11
29572,122
29577,1374
29604,1338
29614,94
29619,230
29636,120
29642,1338
29655,1391
29658,106
29680,358
29682,574
29696,122
29705,94
29712,574
29726,229
29765,332
29793,1389
29796,11
29801,94
29851,106
29852,122
29866,275
29884,122
29891,323
29893,1374
29933,1374
29934,113
29959,106
29978,122
29988,333
30001,11
30010,276
30011,100
30013,21
30049,122
30054,21
30055,1374
30077,332
30084,275
30085,1374
30086,231
30093,4765
30100,574
30104,332
30124,21
30125,106
30128,11
30160,106
30171,11
30182,121
30188,319
30194,574
30238,453
30276,11
30286,108
30299,231
30325,1374
30341,11
30355,358
30368,11
30374,275
30397,122
30418,574
30428,332
30440,11
30444,1374
30467,95
30485,275
30491,22
30522,94
30534,1462
30542,249
30553,1338
30557,106
30559,94
30561,11
30578,106
30586,332
30610,574
30616,94
30621,106
30644,358
30669,11
30690,574
30694,4765
30722,230
30725,453
30731,574
30751,1374
30757,11
30760,107
30769,94
30781,106
30837,94
30872,275
30881,249
30899,1374
30912,11
30925,11
30932,11
30952,11
30994,21
30999,122
31025,11
31037,122
31039,94
31049,281
31058,22
31066,11
31078,106
31091,230
31101,106
31120,123
31133,21
31177,94
31190,230
31209,122
31212,101
31221,11
31229,120
31236,334
31244,11
31259,106
31260,100
31273,122
31302,358
31306,106
31314,11
31327,94
31342,274
31372,453
31395,1462
31407,11
31416,11
31417,106
31453,11
31464,1374
31470,94
31476,574
31479,22
31485,332
31487,575
31509,101
31519,121
31528,5044
31648,94
31656,574
31665,453
31670,106
31684,285
31691,11
31703,332
31724,1463
31737,11
31787,229
31790,1462
31806,332
31815,1374
31821,11
31822,11
31824,102
31829,122
31865,275
31875,1374
31901,100
31909,122
31940,11
31963,1374
31969,22
31979,275
32014,275
32037,574
32039,11
32040,22
32081,574
32102,123
32115,11
32122,319
32125,1400
32148,122
32152,106
32176,107
32179,94
32180,106
32183,557
32184,11
32240,1374
32269,11
32296,122
32298,11
32318,122
32332,120
32334,122
32339,103
32382,94
32397,574
32413,106
32421,11
32426,11
32437,123
32441,121
32469,106
32471,106
32475,106
32493,574
32513,22
32514,94
32545,275
32566,122
32572,94
32576,11
32580,1338
32581,574
32582,94
32583,122
32596,275
32621,464
32627,11
32642,106
32666,275
32683,453
32684,574
32696,319
32710,120
32712,11
32750,1374
32759,101
32784,319
32800,453
32848,106
32871,11
32899,122
32900,1389
32913,100
32914,332
32937,1374
32939,358
32944,121
32946,106
32961,1389
32972,108
32984,275
33080,11
33100,106
33103,11
33111,22
33116,574
33132,106
33139,106
33152,122
33181,11
33196,106
33218,11
33238,275
33241,106
33255,230
33264,229
33272,21
33277,453
33280,11
33296,1374
33315,122
33318,106
33347,332
33349,11
33368,100
33378,106
33386,1338
33392,1389
33407,11
33442,230
33451,453
33452,332
33488,11
33489,11
33497,275
33506,123
33548,319
33578,1338
33594,11
33627,574
33637,106
33655,106
33665,251
33674,1374
33686,332
33699,314
33703,107
33719,275
33744,574
33755,122
33761,11
33763,283
33776,95
33814,332
33819,100
33868,106
33884,453
33910,275
33915,106
33921,1374
33958,275
33960,230
33967,574
33971,453
33982,574
33987,106
34004,283
34020,1462
34036,5044
34041,464
34053,1463
34055,358
34063,453
34069,358
34076,94
34094,231
34109,122
34111,574
34121,11
34135,230
34157,120
34192,453
34205,106
34208,106
34229,574
34235,11
34237,574
34246,1374
34254,94
34255,231
34257,1374
34258,11
34280,122
34298,122
34301,94
34302,122
34316,574
34321,275
34390,5044
34392,106
34397,122
34409,106
34424,1374
34434,94
34441,332
34457,275
34472,94
34488,574
34490,11
34506,231
34511,94
34531,275
34542,22
34557,275
34581,4765
34616,275
34641,1374
34660,453
34666,274
34667,11
34717,94
34731,94
34745,453
34747,95
34768,332
34783,108
34788,94
34794,11
34799,106
34802,106
34813,1374
34866,122
34869,319
34892,319
34902,574
34918,22
34928,11
34968,453
34976,1374
34992,94
35046,332
35060,1374
35091,1400
35092,1374
35105,122
35137,106
35140,106
35146,11
35150,1374
35152,94
35160,574
35166,465
35187,106
35196,11
35205,21
35216,231
35241,332
35242,11
35259,106
35260,229
35273,574
35279,106
35295,122
35296,332
35308,283
35320,229
35330,275
35342,453
35387,11
35395,94
35415,1570
35419,106
35457,332
35477,319
35487,113
35499,106
35517,323
35524,106
35543,121
35544,94
35594,11
35606,123
35615,11
35646,121
35706,229
35776,22
35835,11
35856,122
35867,106
35989,94
35993,123
36015,106
36032,94
36041,123
36047,11
36050,231
36074,106
36086,1389
36122,453
36135,453
36141,22
36148,332
36163,574
36169,332
36170,106
36197,106
36202,1374
36264,22
36267,11
36283,22
36299,358
36308,94
36312,22
36328,106
36343,332
36356,453
36366,122
36367,4765
36377,275
36404,105
36407,4765
36411,1390
36423,453
36429,122
36443,106
36444,1569
36453,1374
36461,1374
36467,1374
36482,1374
36494,22
36501,275
36573,1374
36574,106
36593,574
36619,4765
36629,11
36634,5044
36642,231
36650,106
36683,95
36688,11
36690,94
36715,1391
36717,11
36720,453
36734,106
36739,11
36749,1374
36755,332
36779,122
36783,11
36784,108
36801,108
36806,574
36812,11
36822,1462
36826,11
36827,11
36838,11
36847,106
36854,122
36863,22
36866,275
36871,11
36873,453
36877,1462
36904,21
36925,123
36932,332
36945,453
36946,106
36948,95
36968,11
36992,574
37016,107
37034,100
37035,106
37065,113
37067,94
37084,1374
37091,11
37119,95
37135,106
37151,95
37153,11
37154,1338
37168,106
37172,22
37175,464
37216,22
37244,1374
37260,231
37270,106
37274,122
37292,1462
37295,122
37318,574
37329,231
37345,100
37346,11
37367,574
37392,1400
37397,120
37421,275
37450,275
37451,11
37469,106
37493,11
37541,11
37555,94
37573,358
37575,1374
37590,332
37603,95
37628,106
37633,1462
37643,574
37685,94
37692,1374
37699,274
37709,275
37714,122
37761,319
37781,11
37784,574
37785,574
37795,122
37798,121
37836,100
37851,100
37944,121
37951,11
37987,122
37988,106
37994,106
38050,100
38079,11
38101,106
38110,122
38116,94
38160,100
38161,11
38166,231
38175,123
38212,106
38229,574
38234,275
38262,1374
38263,101
38265,100
38276,11
38318,21
38345,11
38355,21
38372,94
38385,574
38418,122
38426,94
38431,120
38464,1390
38481,120
38494,11
38510,94
38517,4765
38519,230
38532,94
38536,358
38546,274
38577,574
38610,574
38630,358
38635,123
38636,11
38644,453
38663,1374
38664,1374
38665,11
38674,1374
38708,100
38723,453
38733,22
38752,231
38756,11
38771,11
38788,574
38835,4765
38840,1374
38861,100
38898,106
38901,100
38902,274
38903,122
38926,574
38940,106
38942,11
38982,574
38983,11
38987,106
39004,332
39014,122
39015,574
39021,11
39031,453
39043,94
39065,122
39068,106
39075,121
39079,332
39092,120
39099,106
39110,1374
39122,106
39155,94
39201,100
39213,230
39256,106
39264,94
39325,274
39326,120
39330,574
39335,574
39353,275
39357,21
39391,11
39405,106
39408,274
39411,122
39422,113
39439,94
39464,11
39467,107
39472,1374
39473,332
39497,275
39502,11
39506,122
39516,94
39518,11
39560,1463
39564,4765
39579,22
39584,11
39630,1338
39631,122
39643,94
39672,332
39687,122
39704,22
39717,106
39749,106
39759,11
39761,4765
39788,94
39816,106
39825,11
39830,123
39844,1338
39846,332
39858,453
39861,453
39894,332
39904,231
39987,120
40000,1389
40010,94
40012,11
40019,122
40028,275
40029,1338
40041,11
40044,106
40051,463
40054,1576
40088,106
40092,11
40140,574
40150,453
40159,332
40164,1374
40186,5044
40188,574
40211,1389
40223,275
40232,123
40263,11
40265,106
40274,231
40324,1570
40330,283
40411,22
40440,123
40446,453
40471,574
40504,101
40513,11
40545,275
40568,11
40571,106
40575,106
40577,231
40606,122
40609,122
40619,121
40620,94
40625,106
40636,94
40643,108
40687,106
40694,121
40699,1374
40737,11
40746,11
40761,230
40768,574
40779,102
40788,22
40789,100
40794,11
40800,21
40805,122
40816,106
40821,1338
40850,574
40853,94
40868,11
40879,1374
40885,1463
40892,453
40902,1374
40927,94
40933,121
40939,94
40971,230
41001,453
41007,332
41013,108
41021,574
41024,122
41037,332
41049,231
41062,22
41109,332
41124,319
41144,283
41187,11
41205,453
41227,231
41253,123
41264,123
41287,122
41290,101
41294,283
41297,229
41301,1463
41305,1374
41313,22
41327,22
41371,106
41381,11
41384,106
41394,11
41400,21
41414,1374
41415,11
41426,319
41453,332
41470,122
41480,465
41486,11
41489,453
41514,123
41518,453
41542,113
41551,11
41555,11
41567,319
41583,101
41586,122
41602,230
41622,275
41638,453
41643,106
41645,332
41658,100
41665,574
41668,5044
41682,11
41687,574
41689,106
41691,121
41699,453
41705,108
41709,122
41719,1374
41727,275
41740,1374
41745,21
41753,5044
41803,122
41824,285
41825,453
41832,464
41841,275
41844,105
41848,94
41849,1390
41880,108
41900,94
41933,123
41936,11
41982,453
41983,1374
42024,123
42076,574
42153,106
42168,1374
42176,358
42178,453
42207,121
42226,275
42274,106
42281,106
42302,122
42309,1374
42324,122
42338,1374
42342,5044
42352,453
42379,106
42437,122
42478,122
42486,11
42525,122
42561,275
42597,1374
42637,574
42640,275
42646,574
42647,453
42657,120
42709,120
42716,333
42718,106
42724,106
42738,283
42745,574
42748,11
42755,1374
42772,11
42773,1462
42803,231
42807,274
42808,122
42809,1374
42821,574
42823,1374
42850,275
42857,95
42861,106
42862,122
42888,94
42889,574
42903,1400
42918,120
42921,1338
42939,106
42943,1462
43047,319
43048,11
43067,4765
43073,323
43077,11
43104,106
43119,1338
43124,94
43167,94
43177,275
43198,120
43200,21
43203,1338
43245,21
43247,121
43250,574
43264,106
43274,1374
43285,332
43289,230
43301,94
43321,11
43324,106
43329,121
43338,1374
43341,11
43348,574
43357,332
43362,122
43370,122
43378,574
43386,21
43412,113
43415,332
43418,11
43421,1338
43452,332
43465,22
43473,11
43486,106
43493,106
43495,5044
43502,105
43525,11
43531,106
43533,122
43534,122
43539,123
43561,275
43569,332
43583,332
43587,122
43599,1374
43611,121
43637,574
43669,106
43690,106
43696,231
43717,11
43737,453
43758,94
43770,94
43857,94
43870,21
43874,106
43885,101
43890,283
43909,1400
43927,106
43933,275
43950,94
43988,94
43995,94
44007,11
44023,94
44027,11
44033,107
44049,574
44054,11
44063,283
44066,11
44086,123
44087,94
44088,574
44121,1390
44133,11
44151,106
44152,453
44161,1400
44186,122
44188,22
44204,22
44245,123
44268,1374
44278,21
44333,1338
44354,122
44355,11
44365,1374
44370,21
44374,106
44387,332
44392,11
44402,122
44406,106
44425,100
44433,574
44436,1462
44446,106
44449,453
44467,106
44470,358
44486,1462
44493,231
44494,11
44498,11
44499,11
44514,1374
44517,230
44521,358
44542,94
44559,94
44566,106
44571,229
44582,1338
44584,94
44592,1389
44600,1338
44736,229
44741,1374
44772,275
44784,106
44786,1463
44789,11
44794,574
44799,106
44807,122
44808,22
44829,22
44858,1374
44862,94
44875,1374
44909,94
44910,123
44913,106
44927,122
44930,123
44956,1374
44969,95
44982,453
44986,22
44991,11
45069,22
45078,453
45082,22
45083,574
45098,453
45101,106
45112,94
45123,453
45127,11
45153,332
45172,122
45194,11
45200,106
45227,1374
45231,106
45234,107
45238,106
45240,106
45263,123
45287,106
45295,11
45309,231
45311,11
45319,332
45323,22
45331,1338
45357,108
45363,22
45398,107
45408,21
45412,11
45422,231
45434,230
45439,123
45457,122
45541,106
45542,453
45565,22
45569,4765
45581,122
45599,1463
45618,122
45634,106
45636,94
45650,22
45653,122
45660,1374
45669,106
45683,280
45691,1374
45697,275
45702,11
45703,283
45709,106
45716,11
45719,94
45741,11
45748,106
45752,1374
45753,230
45787,120
45820,94
45841,122
45845,275
45856,332
45858,453
45891,275
45926,4765
45936,106
46000,94
46012,123
46028,106
46029,453
46033,106
46097,122
46128,11
46130,229
46150,106
46159,231
46161,231
46171,11
46206,21
46208,453
46213,464
46214,453
46275,113
46282,464
46291,122
46296,122
46299,358
46301,11
46318,1374
46336,275
46349,284
46350,11
46353,106
46376,106
46385,22
46394,575
46398,102
46406,463
46407,358
46411,574
46433,94
46438,464
46447,122
46465,106
46481,22
46483,574
46487,120
46488,106
46493,464
46523,106
46524,106
46527,1374
46570,122
46573,95
46583,11
46586,122
46607,11
46611,108
46612,11
46614,122
46616,123
46619,275
46620,11
46630,11
46638,332
46641,574
46659,11
46672,231
46696,231
46700,106
46804,574
46820,122
46840,275
46847,574
46861,275
46873,22
46875,574
46888,358
46896,94
46899,11
46904,1338
46914,22
46923,231
46936,1374
46968,96
46978,229
46982,11
46998,1400
47000,1374
47013,1374
47016,122
47039,11
47062,106
47067,464
47093,108
47095,453
47096,231
47106,106
47122,122
47214,358
47227,231
47229,106
47282,231
47289,1462
47293,229
47312,574
47313,332
47329,1374
47343,94
47373,123
47383,574
47395,575
47401,1374
47454,4765
47455,11
47458,22
47467,332
47480,11
47481,11
47485,1374
47490,122
47505,94
47513,1338
47534,123
47553,122
47565,105
47576,122
47599,22
47601,106
47609,22
47622,122
47625,230
47648,106
47670,275
47672,106
47677,94
47681,574
47684,106
47727,106
47736,358
47777,122
47778,11
47783,122
47810,95
47837,94
47843,101
47845,5149
47857,4765
47858,453
47871,106
47915,106
47928,4765
47944,106
47962,284
47973,1338
47985,453
47988,275
48002,358
48076,106
48087,120
48112,283
48122,274
48125,1374
48135,464
48141,102
48142,275
48149,120
48157,574
48167,11
48191,453
48203,121
48210,123
48227,11
48228,106
48229,11
48250,275
48267,574
48273,106
48277,106
48278,122
48292,453
48298,575
48328,106
48335,358
48338,122
48350,231
48383,106
48419,11
48420,106
48439,1374
48453,1338
48459,4765
48466,283
48486,105
48547,107
48555,1338
48564,22
48566,453
48587,1389
48592,574
48595,11
48598,319
48615,229
48620,95
48633,11
48643,11
48647,358
48700,1389
48759,274
48762,274
48767,453
48822,11
48832,101
48834,102
48841,108
48858,11
48862,122
48888,106
48902,5044
48909,106
48912,1374
48919,106
48926,358
48946,274
48965,332
48974,106
48980,1374
48986,11
49000,122
49021,106
49024,21
49026,106
49081,574
49098,94
49099,11
49109,106
49125,11
49130,231
49133,106
49154,11
49157,106
49167,22
49169,22
49170,275
49205,11
49222,453
49279,94
49286,453
49302,100
49330,120
49335,106
49345,464
49368,453
49401,22
49447,94
49452,230
49483,11
49539,1374
49551,453
49559,1463
49582,283
49590,332
49617,230
49618,106
49658,94
49667,574
49681,1462
49684,106
49687,94
49688,11
49728,332
49746,283
49765,106
49776,1374
49784,453
49809,120
49821,106
49832,464
49873,106
49879,574
49880,1400
49888,106
49967,574
49987,120
49992,11
49993,106
50008,106
50012,106
50014,106
50025,574