37,227
91,228
249,209
355,209
451,209
476,211
511,209
514,227
586,132
598,133
620,227
687,146
851,147
875,209
883,211
962,228
1008,209
1022,227
1077,209
1100,227
1113,133
1292,209
1310,211
1330,209
1405,211
1420,135
1471,209
1514,211
1520,227
1529,227
1649,211
1659,340
1673,132
1778,209
1812,147
1876,147
1880,209
1933,211
1952,146
2012,132
2059,146
2064,209
2133,211
2143,133
2153,227
2260,227
2289,209
2296,146
2353,135
2357,147
2366,211
2388,132
2401,227
2424,147
2606,211
2908,227
2952,227
2953,211
3073,227
3135,340
3218,132
3235,227
3295,142
3422,147
3452,132
3463,134
3465,209
3512,134
3522,211
3560,228
3571,209
3596,227
3760,147
4013,209
4070,209
4113,227
4166,228
4168,209
4219,147
4228,133
4372,209
4433,209
4531,132
4540,211
4555,340
4571,210
4594,209
4609,133
4619,133
4698,147
4708,209
4800,211
4832,143
4854,145
4859,133
4970,133
4990,209
5030,144
5063,227
5088,227
5167,209
5187,227
5253,211
5268,227
5283,209
5303,228
5304,144
5461,133
5482,228
5508,209
5526,135
5651,227
5692,228
5865,146
5868,209
5954,209
5958,209
6043,227
6054,228
6086,227
6197,132
6325,135
6380,211
6461,133
6518,132
6566,133
6720,132
6724,144
6763,227
6786,133
6791,227
6851,209
6862,228
6891,228
6931,147
7031,227
7158,227
7198,227
7394,227
7514,133
7610,134
7743,147
7744,209
7779,209
7815,209
7824,132
7847,133
7858,209
7911,132
7919,209
7925,209
7932,134
7994,340
8007,228
8048,134
8110,133
8153,211
8182,211
8183,209
8226,209
8241,147
8323,211
8334,209
8382,133
8506,209
8537,228
8610,227
8632,209
8795,227
8823,227
8830,209
8894,134
8910,132
8920,142
8969,147
8974,209
8995,209
9103,147
9113,227
9350,132
9351,147
9375,147
9427,133
9453,209
9479,211
9584,227
9642,210
9781,146
9818,134
9821,228
9855,209
9956,211
10044,227
10281,133
10297,211
10319,147
10381,228
10389,209
10415,211
10428,210
10451,147
10460,227
10510,210
10529,133
10558,209
10606,136
10607,144
10750,209
10759,209
10771,145
10774,228
10854,144
10945,133
10986,147
10996,209
11040,340
11063,227
11077,209
11085,147
11152,209
11192,340
11292,209
11311,136
11384,211
11532,209
11625,209
11656,132
11662,228
11681,143
11685,132
11701,209
11716,209
11756,211
11758,211
11850,209
11874,132
11923,209
11929,209
12047,228
12061,133
12107,135
12112,146
12127,209
12316,132
12420,147
12440,211
12471,228
12497,209
12520,133
12536,227
12541,134
12771,145
12793,133
12812,227
12821,227
12896,211
12910,227
12918,134
12933,145
12941,211
13079,211
13120,146
13174,147
13187,209
13225,147
13372,147
13394,209
13426,135
13436,132
13445,227
13453,209
13653,132
13762,211
13779,340
13826,147
13844,209
13860,211
13934,209
13952,227
14025,211
14084,209
14190,228
14217,228
14357,209
14389,211
14399,211
14417,209
14512,227
14575,145
14595,132
14715,209
14810,227
14843,145
14887,209
14913,211
14947,135
14975,209
14990,209
14999,209
15022,209
15030,133
15069,210
15161,227
15226,147
15301,133
15386,209
15418,209
15433,209
15540,132
15556,227
15576,209
15659,209
15761,145
15776,136
16034,209
16043,227
16051,209
16088,209
16178,209
16301,340
16508,209
16520,135
16660,145
16707,147
16729,209
16824,209
16836,340
16902,209
16988,209
17032,211
17034,209
17051,227
17074,211
17085,135
17112,209
17238,209
17325,227
17330,227
17371,209
17376,147
17385,228
17503,209
17527,209
17588,227
17660,133
17672,227
17745,146
17765,209
17766,147
17780,209
17894,209
17984,227
18020,133
18036,211
18043,147
18053,133
18107,209
18140,209
18176,135
18197,209
18232,211
18260,211
18470,227
18550,133
18660,132
18728,340
18743,146
18753,209
18802,227
18892,211
18997,209
18998,340
19044,228
19188,135
19191,227
19197,134
19257,134
19307,227
19308,227
19377,209
19408,227
19424,211
19536,227
19723,228
19735,209
19763,227
19775,135
19786,209
19927,147
19964,211
20012,134
20022,340
20035,227
20135,147
20308,227
20361,227
20412,209
20450,210
20477,144
20487,209
20498,133
20502,133
20525,135
20544,147
20660,228
20664,144
20690,209
20698,133
20716,133
20747,133
20806,144
20812,227
20843,209
20919,147
20970,209
21084,147
21093,227
21153,227
21175,147
21195,133
21224,132
21259,133
21287,209
21351,209
21364,209
21416,209
21501,209
21508,133
21589,147
21622,142
21841,209
21976,211
22004,132
22029,136
22034,209
22057,227
22067,147
22072,210
22235,209
22239,210
22373,132
22374,132
22425,211
22484,227
22493,227
22500,146
22524,132
22551,209
22566,132
22618,209
22692,211
22715,228
22741,227
22746,145
22755,227
22781,147
22784,211
22838,137
22884,227
22958,210
22994,209
23055,227
23064,227
23161,209
23278,209
23288,209
23408,147
23475,147
23509,134
23538,132
23544,132
23566,133
23580,211
23582,209
23721,209
23738,147
23768,147
23818,228
23826,209
23831,147
23910,134
23956,228
23959,209
24016,133
24017,209
24023,147
24028,227
24095,209
24251,134
24256,132
24285,209
24311,209
24352,227
24356,209
24397,228
24433,209
24574,227
24643,144
24665,209
24684,209
24694,209
24727,211
24741,147
25117,228
25172,228
25234,209
25263,227
25402,146
25416,211
25435,133
25464,147
25507,211
25610,340
25666,145
25674,144
25783,134
25790,134
25802,227
25812,133
25820,209
25840,144
25938,228
25958,142
25994,145
26075,133
26103,227
26214,132
26249,133
26285,209
26342,132
26377,132
26407,144
26498,147
26651,227
26708,227
26782,132
26823,132
26883,209
26892,144
26906,209
26943,228
26980,132
27008,209
27078,147
27120,147
27139,147
27179,209
27200,133
27232,227
27248,147
27347,209
27380,147
27485,228
27510,227
27557,227
27577,209
27615,133
27622,227
27654,227
27669,340
27723,133
27761,135
27838,147
27872,134
27900,227
27952,209
27957,147
28022,147
28038,134
28064,147
28080,228
28167,209
28228,227
28308,228
28313,211
28394,227
28403,227
28441,211
28599,228
28608,134
28627,133
28632,137
28669,209
28897,133
28980,133
29006,209
29109,211
29153,209
29154,209
29251,147
29296,132
29326,340
29404,209
29451,227
29452,340
29459,133
29561,132
29613,132
29693,209
29857,209
29920,209
29946,147
30028,132
30030,227
30053,209
30127,227
30219,209
30245,209
30272,209
30301,227
30393,209
30509,209
30543,209
30574,209
30597,227
30612,340
30633,146
30665,227
30712,133
30793,133
30938,209
30982,227
30983,227
31030,147
31089,209
31126,211
31235,227
31292,227
31318,209
31559,133
31628,145
31633,210
31679,134
31682,209
31715,209
31785,340
31794,209
31798,209
31813,340
31842,209
31973,227
31999,144
32023,143
32089,147
32244,211
32379,133
32465,209
32520,144
32524,133
32573,133
32594,209
32615,209
32674,228
32689,228
32691,209
32711,146
32740,228
32763,228
32789,144
32919,145
32978,227
33011,209
33087,211
33178,340
33213,209
33229,210
33261,211
33289,211
33291,209
33404,209
33411,147
33464,209
33576,147
33600,132
33718,209
33726,209
33742,227
33775,209
33823,132
33830,209
33889,227
33936,147
33942,209
34005,209
34029,209
34062,132
34090,227
34099,133
34156,132
34166,142
34268,211
34270,228
34322,147
34336,134
34406,145
34432,209
34613,147
34619,227
34627,227
34657,210
34658,209
34680,134
34698,132
34709,211
34738,135
34908,209
34973,227
35044,209
35143,144
35198,132
35234,209
35281,211
35309,228
35314,209
35334,147
35345,227
35369,209
35384,133
35440,228
35463,145
35494,209
35582,211
35620,209
35622,227
35630,133
35640,135
35665,209
35735,228
35785,209
35833,209
35921,211
35946,209
35968,209
36082,209
36099,228
36107,227
36123,209
36168,132
36178,133
36210,209
36257,147
36284,209
36353,133
36363,211
36413,133
36440,211
36523,209
36557,211
36644,210
36716,133
36759,211
36821,147
36867,146
36884,209
36923,209
36982,145
37005,227
37052,146
37090,209
37093,143
37124,228
37197,133
37204,133
37254,147
37306,209
37327,227
37348,211
37467,340
37537,228
37548,209
37563,209
37653,340
37729,132
37862,211
37879,146
37953,227
37975,209
38061,133
38138,209
38176,135
38180,340
38201,145
38214,228
38217,211
38337,147
38351,209
38394,227
38412,209
38433,227
38446,228
38480,209
38495,227
38557,147
38562,228
38621,132
38668,209
38712,209
38736,210
38800,135
38839,227
38889,147
38894,209
39086,145
39114,211
39132,211
39170,211
39205,147
39217,133
39281,132
39292,147
39364,209
39367,227
39371,227
39379,133
39381,132
39410,227
39412,209
39419,209
39488,228
39567,147
39577,228
39742,132
39817,227
39886,227
39918,209
40110,142
40254,135
40259,211
40307,147
40309,133
40409,133
40417,144
40437,146
40461,211
40478,147
40481,228
40486,132
40555,135
40556,227
40622,209
40689,132
40728,209
40730,135
40731,209
40748,340
40765,134
40776,134
40785,209
40864,209
40896,227
40909,144
40920,209
40930,147
40965,340
41012,146
41036,135
41268,147
41270,146
41288,227
41467,211
41507,134
41511,133
41517,210
41532,209
41637,132
41652,134
41942,209
41971,228
41994,209
41997,227
42018,211
42040,134
42205,132
42222,209
42244,209
42356,132
42359,209
42372,227
42389,145
42421,340
42547,209
42556,227
42643,227
42694,145
42714,227
43044,134
43100,135
43111,209
43118,133
43144,209
43156,209
43180,133
43237,209
43298,133
43317,227
43340,209
43400,135
43414,211
43438,211
43459,209
43480,147
43578,147
43688,145
43705,227
43787,228
43820,228
43824,147
43865,209
43990,209
44238,340
44239,209
44264,132
44477,134
44526,211
44637,209
44664,134
44675,209
44752,227
44759,209
44766,227
44837,144
44845,209
44920,133
44939,134
44984,209
45032,133
45085,209
45170,227
45176,211
45284,227
45301,227
45304,137
45353,227
45538,209
45551,227
45591,135
45648,211
45721,147
45779,132
45793,210
45794,145
45900,147
45907,227
45916,209
45957,211
45977,227
46059,227
46061,209
46079,209
46193,227
46233,133
46238,209
46320,142
46460,132
46518,228
46548,133
46605,132
46650,132
46668,132
46722,209
46772,132
46776,209
46845,133
46934,210
46938,211
46987,340
47030,228
47052,227
47089,227
47104,209
47140,209
47141,209
47164,209
47249,133
47250,133
47270,227
47287,210
47304,132
47322,209
47346,146
47348,211
47613,134
47631,228
47639,227
47730,134
47751,132
47835,227
47846,227
47886,209
47906,146
47911,340
47977,209
47994,228
48023,209
48092,133
48143,227
48169,227
48197,211
48233,228
48390,132
48437,211
48457,134
48588,209
48607,209
48616,132
48626,209
48702,228
48734,145
48744,228
48799,227
48802,211
48830,133
49018,145
49022,209
49027,135
49119,210
49258,227
49275,227
49311,209
49314,133
49359,211
49390,143
49405,211
49524,133
49542,209
49579,227
49592,209
49596,209
49606,147
49611,147
49631,209
49699,132
49735,211
49760,228
49797,211
49898,209
49964,135
49981,228
50006,227