77,2222
141,89
215,514
256,76
320,1406
328,79
373,82
374,82
379,76
383,72
391,71
465,1005
495,72
545,76
559,83
582,75
602,84
626,74
633,76
656,79
758,82
761,1005
843,80
861,83
886,76
892,78
977,74
1006,84
1021,1005
1068,78
1095,80
1098,79
1131,2222
1199,82
1219,75
1263,87
1277,87
1285,80
1312,75
1351,84
1384,91
1396,80
1402,76
1468,75
1475,76
1511,76
1512,79
1551,83
1675,84
1693,1005
1727,2223
1790,76
1820,1005
1821,75
1908,86
1946,83
1960,80
1979,75
1989,1005
2021,290
2138,82
2144,84
2190,72
2211,80
2389,79
2435,80
2451,75
2453,84
2454,76
2586,80
2588,1005
2638,72
2639,71
2694,75
2732,84
2751,75
2753,83
2787,74
2830,74
2862,77
2866,76
2897,76
2940,1005
3035,78
3081,76
3104,75
3145,82
3241,80
3268,80
3302,1005
3332,85
3359,80
3365,79
3375,86
3414,1005
3420,71
3524,289
3529,80
3620,80
3625,76
3679,76
3681,85
3713,80
3727,1406
3745,1005
3770,1406
3807,84
3859,76
3875,1005
3877,75
3910,79
3920,76
3941,75
3976,80
4017,75
4048,80
4058,2223
4077,78
4128,80
4188,83
4205,1005
4314,80
4364,85
4379,1005
4385,76
4422,75
4425,75
4472,88
4501,73
4503,75
4539,1005
4543,80
4558,71
4582,290
4589,76
4618,80
4629,75
4650,77
4674,79
4728,80
4729,79
4766,85
4840,80
4862,76
4872,91
4904,80
4914,75
4939,77
4997,78
5013,77
5141,80
5147,85
5169,84
5173,80
5183,1005
5211,72
5282,70
5316,80
5357,76
5369,1005
5395,76
5416,80
5434,79
5570,88
5597,1005
5599,76
5612,1005
5647,75
5714,83
5728,76
5758,290
5792,76
5808,76
5833,75
5838,71
5843,1005
5952,80
6018,87
6052,1005
6100,76
6118,75
6143,80
6144,76
6163,1005
6168,77
6174,77
6193,76
6208,80
6214,75
6220,1005
6251,72
6282,80
6306,1005
6327,87
6412,76
6415,82
6481,76
6483,79
6582,290
6588,75
6644,1406
6671,70
6675,75
6687,75
6757,75
6784,75
6822,75
6887,1005
6911,87
6915,79
6927,71
6928,74
6972,86
7011,76
7051,87
7146,80
7204,1005
7227,79
7360,87
7378,1406
7421,77
7448,76
7455,75
7481,71
7548,76
7558,80
7600,85
7658,79
7689,75
7698,72
7704,80
7727,1005
7734,76
7751,1005
7764,80
7832,78
7877,80
8015,80
8041,1406
8051,71
8076,79
8085,1005
8086,79
8196,1005
8199,91
8278,80
8300,76
8339,72
8354,75
8355,79
8380,71
8419,76
8421,2222
8432,80
8476,76
8491,76
8503,76
8524,79
8525,85
8535,1005
8538,75
8547,78
8572,86
8573,80
8746,76
8793,75
8859,74
8867,75
8874,80
8897,85
8930,80
8943,73
8981,70
8985,83
8997,76
9040,85
9110,85
9167,85
9186,80
9219,86
9221,84
9235,2222
9247,76
9288,76
9295,85
9299,1005
9312,76
9421,2223
9436,76
9504,70
9563,74
9573,1005
9582,80
9592,2222
9622,79
9650,76
9683,79
9692,1005
9711,85
9747,71
9768,80
9793,75
9825,79
9904,76
9927,70
9940,76
9991,77
10034,1005
10037,72
10192,1005
10216,80
10242,80
10294,70
10385,1406
10440,79
10494,82
10561,1005
10568,75
10589,79
10627,78
10640,84
10643,1406
10677,289
10749,2223
10786,70
10810,1005
10823,76
10831,80
10832,76
10903,71
10904,80
10912,75
10928,1005
10929,78
10947,75
10977,76
11020,80
11064,2222
11115,76
11133,75
11247,76
11248,80
11267,77
11320,1005
11337,84
11356,80
11369,80
11410,76
11414,75
11560,80
11589,75
11613,80
11627,78
11672,71
11707,74
11723,75
11726,80
11732,78
11753,76
11754,84
11846,1005
11861,80
11896,86
11967,76
12000,78
12010,1005
12067,75
12230,74
12255,79
12265,1005
12270,75
12312,80
12314,75
12323,85
12325,1005
12351,80
12362,82
12388,74
12397,80
12480,85
12492,76
12503,83
12510,1005
12511,87
12555,72
12609,75
12624,76
12707,76
12720,76
12783,80
12851,91
12854,80
12890,78
12983,75
13036,75
13056,76
13066,79
13095,80
13107,1406
13153,76
13252,72
13292,76
13332,80
13351,76
13369,85
13377,80
13378,75
13395,71
13424,70
13457,82
13482,80
13494,77
13503,76
13518,290
13553,75
13581,80
13602,80
13629,79
13658,79
13684,76
13761,84
13804,75
13818,75
13820,79
13832,1005
13855,72
13888,2223
13918,76
13920,76
13922,79
13966,1005
13970,74
13975,76
13985,76
14003,84
14014,87
14071,85
14121,79
14192,76
14199,71
14239,87
14311,71
14314,75
14370,75
14411,86
14415,77
14434,79
14438,290
14470,76
14572,1005
14624,76
14675,79
14735,83
14753,76
14770,80
14792,76
14797,1005
14804,80
14819,77
14827,71
14828,73
14831,74
14880,71
14945,76
14962,2222
15019,79
15119,1005
15171,70
15185,76
15195,80
15202,72
15213,76
15252,1005
15298,76
15326,76
15372,71
15469,80
15513,72
15539,76
15564,1005
15577,75
15578,79
15583,76
15677,75
15693,82
15704,80
15765,83
15794,79
15809,84
15884,88
15920,79
15923,71
15937,76
16001,76
16024,87
16030,79
16059,76
16103,1005
16115,80
16164,75
16165,78
16255,2222
16431,75
16440,289
16505,84
16506,79
16587,79
16606,75
16622,72
16659,80
16752,76
16770,75
16776,76
16783,79
16852,78
16859,80
16877,76
16925,1005
16933,76
16942,75
16956,2223
17003,86
17039,76
17059,79
17062,76
17073,79
17121,75
17133,1005
17157,85
17205,70
17214,75
17222,79
17257,79
17332,73
17358,74
17448,76
17464,82
17513,80
17599,1005
17652,2223
17685,78
17743,76
17751,74
17771,75
17794,80
17852,78
17962,82
18000,76
18018,77
18032,514
18051,80
18068,2223
18252,78
18286,84
18313,76
18328,80
18340,1005
18352,72
18367,1406
18376,79
18436,75
18442,79
18486,90
18518,76
18615,84
18662,1005
18677,76
18731,75
18736,76
18758,84
18819,84
18873,72
18881,1005
18925,90
18928,514
18953,76
19027,80
19029,80
19063,1005
19113,85
19121,76
19126,79
19142,78
19174,1005
19180,76
19208,77
19270,88
19282,76
19326,82
19334,76
19366,74
19392,78
19485,87
19511,76
19513,80
19532,76
19618,84
19649,1005
19695,80
19714,80
19718,72
19746,1005
19809,80
19820,1005
19868,79
19902,75
19951,76
19985,1005
20013,79
20014,1005
20076,76
20086,80
20093,80
20102,1005
20162,80
20231,80
20262,79
20299,76
20320,1406
20393,79
20398,72
20405,74
20468,1005
20470,76
20496,78
20546,2223
20586,290
20673,74
20685,87
20711,79
20759,79
20795,77
20865,514
20893,1406
20914,75
20964,1005
20974,77
21057,82
21133,83
21137,71
21202,75
21206,290
21309,1406
21361,80
21488,76
21547,72
21595,76
21614,74
21636,79
21666,71
21678,74
21707,1406
21760,1005
21794,82
21807,77
21843,79
21889,79
21926,85
21990,85
22027,72
22068,1005
22091,87
22132,76
22138,79
22146,83
22147,1005
22182,1005
22194,87
22223,80
22268,77
22346,83
22584,79
22609,1005
22697,72
22775,80
22783,1005
22812,71
22862,76
22863,80
22992,289
23011,71
23041,72
23091,80
23122,80
23141,1005
23251,84
23296,75
23298,76
23335,75
23351,1005
23433,80
23470,1005
23483,1406
23647,82
23665,75
23711,76
23733,84
23734,1005
23836,80
23838,84
23858,70
23873,80
23920,1005
23943,1005
24001,75
24019,76
24027,1005
24040,76
24045,76
24065,74
24077,76
24087,76
24092,1005
24102,75
24115,82
24123,1005
24126,78
24128,75
24145,83
24167,76
24195,74
24235,80
24317,2223
24326,80
24334,76
24415,80
24417,80
24431,76
24504,76
24547,1005
24551,80
24557,83
24558,75
24565,76
24594,80
24615,74
24660,82
24682,84
24718,76
24740,80
24746,87
24755,80
24829,76
24836,80
24879,76
24887,83
24960,91
24988,76
25003,80
25023,79
25059,83
25122,70
25130,78
25162,76
25181,1005
25226,76
25238,79
25301,76
25353,80
25389,75
25415,76
25434,76
25444,85
25543,80
25594,86
25596,76
25670,71
25690,76
25734,75
25774,1005
25779,76
25785,514
25791,76
25828,80
25861,71
25886,80
25907,76
25936,78
25955,76
25998,72
26000,82
26005,72
26029,76
26063,75
26068,76
26079,82
26186,80
26237,76
26290,76
26299,78
26375,80
26386,80
26410,76
26485,84
26497,1005
26521,77
26537,80
26545,1005
26674,85
26702,72
26716,1005
26749,76
26755,1005
26760,76
26776,80
26792,1005
26804,76
26827,76
26829,1005
26878,80
26960,80
26970,75
27006,80
27027,79
27034,83
27123,74
27124,80
27146,75
27152,76
27158,77
27167,79
27202,79
27228,71
27258,76
27278,76
27280,75
27305,78
27307,77
27330,85
27351,85
27402,80
27469,79
27511,79
27566,80
27570,79
27597,84
27730,79
27738,75
27779,76
27797,75
27849,77
27945,85
27992,76
27993,289
27996,84
28055,75
28184,71
28210,79
28223,74
28236,76
28280,79
28366,79
28446,74
28467,80
28477,75
28478,84
28482,1005
28486,80
28546,79
28560,80
28618,82
28686,82
28740,76
28763,1005
28773,80
28787,1406
28796,1005
28832,79
28838,80
28839,84
28868,76
28938,80
29059,84
29089,74
29247,76
29275,82
29288,76
29313,1406
29358,1005
29374,87
29378,86
29423,71
29430,76
29461,86
29477,75
29484,76
29486,79
29546,1005
29559,74
29567,76
29599,76
29623,1005
29719,80
29721,79
29769,84
29808,80
29833,76
29873,75
29924,1005
30008,76
30022,82
30047,84
30071,76
30072,86
30102,87
30123,79
30147,80
30202,79
30234,75
30253,1005
30342,75
30365,76
30367,76
30370,1005
30412,78
30414,1005
30434,80
30442,82
30446,80
30457,70
30472,76
30487,72
30496,75
30593,86
30608,82
30687,80
30692,83
30716,85
30747,76
30767,76
30824,71
30828,75
30866,80
30868,76
30889,1005
30892,290
30937,76
30943,1005
30971,1005
30993,79
31102,76
31117,83
31167,79
31326,80
31333,1005
31360,83
31375,76
31380,78
31478,84
31499,76
31552,85
31565,2223
31605,76
31606,75
31643,1005
31686,82
31759,71
31805,76
31830,71
31851,76
31858,76
31916,72
31925,72
31956,1005
31964,82
31994,76
32021,79
32031,79
32050,83
32051,75
32062,83
32079,1005
32085,75
32201,83
32289,1005
32290,1005
32293,76
32324,72
32326,79
32331,76
32343,79
32383,76
32388,86
32395,83
32406,87
32408,83
32424,80
32533,80
32535,80
32546,79
32552,80
32562,75
32651,79
32716,79
32727,79
32748,84
32782,80
32798,75
32835,1005
32860,85
32889,75
32911,80
32951,78
32968,1005
32977,78
32990,87
32999,80
33052,2223
33072,88
33077,85
33097,75
33172,1406
33363,72
33424,78
33479,82
33519,76
33584,75
33617,79
33714,1005
33723,1406
33724,76
33737,1005
33794,80
33798,76
33810,76
33856,75
33873,74
33906,80
33962,80
33985,80
33988,76
34010,88
34042,82
34065,76
34179,76
34245,80
34261,76
34288,86
34300,71
34330,75
34334,86
34337,76
34366,75
34377,86
34405,80
34436,91
34459,86
34599,75
34716,1005
34756,71
34827,70
34907,75
34960,2223
35021,82
35084,78
35186,79
35213,79
35286,1406
35297,75
35329,87
35338,75
35347,75
35417,72
35532,85
35552,87
35601,80
35624,74
35644,1005
35645,76
35662,1005
35699,85
35705,76
35708,1005
35772,75
35836,76
35839,75
35932,76
35984,73
36138,76
36149,76
36172,80
36220,79
36240,85
36250,71
36269,82
36486,87
36525,82
36560,75
36567,1406
36589,82
36628,75
36637,1005
36662,78
36672,86
36710,79
36718,1005
36723,1005
36770,2223
36780,2222
36792,514
36793,76
36828,290
36833,77
36846,76
36857,79
36935,86
36938,75
36942,80
36957,75
36972,1005
37099,72
37118,75
37129,75
37148,75
37164,76
37171,71
37241,73
37250,71
37251,78
37259,75
37273,80
37280,75
37326,83
37328,76
37400,76
37426,76
37454,85
37552,76
37562,80
37579,1005
37604,70
37670,75
37757,80
37763,83
37817,77
37852,83
37895,77
37904,85
37960,75
37977,1005
37984,80
37993,1005
38098,75
38100,1005
38174,76
38215,76
38252,75
38266,82
38316,1005
38348,75
38378,79
38380,80
38389,80
38392,76
38411,78
38420,2222
38445,1005
38453,75
38509,79
38516,76
38541,76
38603,1005
38734,84
38745,84
38770,1005
38777,79
38797,1005
38828,1406
38846,79
38875,84
38888,80
38914,80
39082,1005
39262,75
39269,75
39376,71
39477,76
39534,1005
39595,86
39628,75
39633,1005
39667,79
39678,80
39782,1005
39801,80
39819,75
39834,76
39841,76
39900,76
39907,74
39935,76
39943,76
39944,1406
39956,1005
39965,290
39997,79
40141,85
40151,290
40156,78
40166,84
40221,76
40225,82
40236,75
40237,79
40253,76
40321,1406
40388,78
40390,79
40449,84
40524,76
40557,86
40572,76
40581,79
40583,75
40627,1005
40631,80
40646,80
40647,76
40655,85
40666,85
40698,82
40722,76
40739,1005
40766,76
40772,78
40810,1005
40848,1406
40918,76
40937,76
40972,84
41022,88
41033,1005
41073,1005
41075,75
41076,1005
41086,80
41117,1005
41121,72
41131,84
41147,76
41163,85
41191,76
41210,79
41218,87
41225,72
41241,86
41269,76
41339,72
41355,72
41439,76
41455,80
41458,83
41473,1406
41508,1406
41528,80
41718,79
41742,72
41793,79
41813,88
41853,1005
41883,77
41921,84
41965,1005
41969,2223
41976,79
41993,1005
42014,83
42019,76
42050,75
42059,82
42082,79
42134,76
42242,91
42289,75
42301,2222
42318,290
42325,84
42373,76
42378,75
42428,79
42489,75
42490,76
42508,75
42543,79
42552,75
42605,90
42614,76
42619,1005
42627,80
42701,76
42797,76
42820,79
42976,72
42981,86
42983,80
43063,74
43069,85
43093,76
43126,1005
43140,76
43189,82
43202,76
43248,82
43266,84
43278,78
43292,76
43368,76
43369,75
43376,75
43383,82
43444,2221
43511,1005
43540,80
43548,1005
43580,80
43631,84
43702,1005
43708,80
43714,71
43719,76
43759,83
43780,74
43854,80
43886,76
43960,79
43969,1005
44077,87
44102,1005
44106,76
44136,79
44144,76
44148,1005
44153,76
44159,80
44176,80
44343,79
44367,1005
44390,80
44393,1005
44438,84
44466,73
44478,1005
44483,76
44518,79
44525,77
44553,76
44645,75
44656,76
44689,80
44773,80
44791,1005
44806,80
44819,82
44826,75
44891,75
44979,76
45036,79
45084,85
45146,78
45175,80
45191,1005
45246,1005
45393,1005
45404,80
45432,74
45469,74
45477,86
45507,79
45578,79
45592,1005
45623,1406
45643,78
45644,75
45679,75
45759,1005
45766,289
45868,76
45871,87
45935,76
46011,82
46044,75
46066,85
46069,1005
46122,79
46158,71
46160,76
46237,85
46295,76
46319,1005
46358,70
46387,76
46399,76
46416,76
46424,85
46505,80
46508,79
46516,76
46578,72
46594,80
46639,79
46701,91
46744,85
46746,1005
46781,75
46792,76
46805,1005
46816,1406
46848,1005
46886,1005
46921,514
46922,80
46932,76
46954,85
46984,76
47041,1005
47044,80
47064,76
47088,77
47114,76
47136,72
47165,1005
47180,76
47198,72
47200,80
47257,1005
47261,79
47334,79
47353,1005
47371,83
47372,85
47384,75
47400,80
47402,83
47407,74
47482,83
47492,80
47502,80
47520,78
47523,75
47526,74
47530,79
47617,75
47715,84
47725,80
47766,85
47795,74
47799,75
47842,1005
47848,80
47887,75
47891,82
47896,75
47960,76
47965,82
48011,80
48056,75
48063,80
48075,73
48111,80
48137,290
48237,1005
48281,2222
48294,76
48299,82
48370,1005
48432,87
48464,1406
48483,80
48530,80
48537,91
48548,78
48562,91
48579,71
48682,76
48709,75
48735,76
48791,77
48801,70
48804,290
48808,77
48875,2223
48877,76
48890,75
48917,80
48971,1005
49053,71
49127,76
49137,2223
49146,80
49162,80
49201,75
49249,74
49251,75
49262,84
49263,84
49289,71
49344,76
49370,80
49380,79
49386,1005
49404,75
49433,75
49455,75
49468,76
49486,76
49518,290
49525,80
49588,80
49619,76
49673,80
49709,80
49718,76
49741,80
49751,76
49774,76
49782,80
49846,72
49849,1406
49866,80
49925,514
49938,76
50024,76
50040,80