6,1199
39,1195
47,1197
55,1194
57,1193
60,1199
101,1194
157,1194
170,1198
175,1199
190,1193
195,1199
198,1199
206,1197
221,1194
236,1193
250,1194
265,1194
280,1193
306,1194
318,1194
340,1193
359,1194
369,1193
393,1199
421,1195
423,1193
468,1193
490,1194
494,1193
503,1199
522,1194
553,1193
572,1194
577,1193
580,1199
676,1193
697,1199
702,1194
721,1194
724,1194
732,1193
740,1196
785,1194
806,1193
809,1194
816,1194
829,1193
871,1194
898,1193
912,1194
919,1193
942,1194
944,1193
976,1194
983,1193
990,1198
992,1193
993,1199
1005,1194
1012,1194
1023,1194
1039,1193
1066,1194
1069,1193
1081,1199
1087,1194
1111,1193
1112,1199
1123,1193
1127,1193
1134,1194
1141,1193
1149,1194
1155,1194
1174,1194
1178,1193
1190,1194
1211,1194
1246,1199
1280,1194
1282,1194
1290,1193
1308,1193
1350,1194
1383,1193
1392,1193
1463,1199
1472,1199
1490,1199
1491,1193
1509,1194
1533,1194
1534,1194
1555,1193
1557,1193
1596,1199
1613,1194
1629,1193
1638,1194
1700,1194
1736,1194
1765,1197
1780,1193
1797,1193
1806,1193
1811,1197
1827,1194
1836,1193
1838,1195
1843,1194
1866,1194
1871,1199
1902,1199
1905,1194
1914,1198
1916,1194
1942,1193
1944,1193
1970,1193
1976,1193
1990,1193
2000,1199
2010,1199
2033,1194
2034,1194
2043,1194
2110,1199
2113,1199
2114,1194
2119,1193
2134,1193
2145,1193
2149,1193
2150,1194
2152,1194
2156,1194
2159,1198
2175,1194
2176,1194
2232,1193
2241,1193
2245,1194
2249,1194
2306,1199
2324,1193
2338,1193
2349,1199
2354,1194
2356,1198
2362,1194
2372,1194
2383,1196
2404,1199
2473,1196
2497,1194
2515,1194
2516,1194
2540,1194
2570,1193
2580,1194
2599,1194
2624,1194
2630,1193
2685,1199
2691,1199
2704,1193
2728,1199
2754,1193
2763,1199
2790,1195
2815,1193
2819,1193
2822,1193
2864,1194
2868,1194
2871,1194
2911,1199
2916,1195
2972,1193
3001,1194
3044,1193
3053,1194
3085,1193
3088,1193
3089,1194
3112,1193
3143,1193
3144,1193
3156,1194
3157,1197
3162,1194
3164,1193
3170,1193
3186,1194
3225,1193
3230,1193
3245,1193
3246,1195
3248,1194
3255,1194
3257,1194
3305,1193
3313,1194
3377,1199
3380,1194
3392,1199
3417,1193
3421,1199
3451,1199
3480,1199
3490,1199
3495,1193
3506,1194
3515,1195
3519,1199
3523,1199
3525,1193
3537,1198
3594,1194
3611,1195
3624,1193
3638,1194
3659,1199
3677,1193
3698,1194
3700,1195
3720,1194
3722,1194
3740,1194
3764,1193
3775,1194
3796,1194
3810,1193
3831,1194
3849,1195
3862,1193
3876,1193
3886,1194
3891,1194
3907,1194
3917,1198
3960,1194
3996,1199
4004,1199
4015,1194
4028,1194
4030,1193
4041,1193
4051,1193
4061,1198
4075,1196
4076,1198
4093,1194
4116,1199
4137,1198
4165,1193
4178,1197
4182,1194
4207,1194
4233,1193
4243,1193
4256,1199
4258,1194
4261,1193
4268,1194
4292,1194
4334,1193
4375,1194
4387,1194
4391,1193
4392,1193
4416,1194
4435,1194
4439,1194
4450,1193
4460,1199
4461,1193
4475,1196
4496,1193
4506,1193
4524,1194
4559,1193
4563,1193
4572,1193
4584,1194
4588,1193
4608,1194
4620,1193
4628,1193
4640,1194
4641,1194
4653,1194
4662,1193
4676,1193
4680,1194
4701,1199
4706,1193
4721,1199
4752,1199
4764,1194
4799,1194
4836,1199
4847,1194
4923,1194
4930,1193
4960,1199
4966,1193
4981,1193
5009,1194
5026,1194
5037,1194
5053,1194
5070,1197
5073,1194
5098,1194
5103,1197
5125,1199
5180,1194
5184,1194
5197,1199
5210,1193
5241,1199
5249,1193
5262,1199
5312,1194
5318,1193
5322,1194
5333,1193
5368,1194
5382,1194
5396,1194
5401,1199
5411,1193
5412,1194
5440,1194
5489,1194
5533,1194
5534,1199
5535,1193
5555,1194
5582,1193
5632,1195
5641,1194
5696,1194
5713,1194
5746,1193
5761,1194
5764,1194
5800,1199
5804,1194
5851,1194
5853,1194
5862,1198
5879,1193
5890,1199
5951,1194
5963,1199
5973,1193
5980,1194
5999,1198
6002,1194
6038,1194
6040,1193
6053,1193
6089,1194
6090,1194
6112,1199
6136,1194
6138,1199
6161,1193
6167,1193
6175,1194
6206,1193
6234,1199
6239,1194
6253,1194
6278,1199
6290,1199
6292,1199
6300,1198
6345,1199
6365,1194
6366,1193
6384,1199
6395,1194
6438,1193
6458,1193
6459,1194
6469,1199
6487,1193
6492,1194
6521,1193
6539,1193
6546,1199
6549,1193
6577,1193
6585,1199
6591,1199
6627,1193
6645,1193
6651,1197
6653,1193
6654,1194
6665,1199
6673,1193
6684,1193
6685,1199
6696,1194
6735,1194
6743,1194
6768,1199
6777,1193
6902,1199
6940,1194
6962,1199
7004,1194
7008,1193
7015,1199
7018,1193
7023,1199
7053,1193
7056,1193
7071,1199
7072,1194
7088,1199
7121,1198
7140,1199
7166,1199
7167,1199
7183,1194
7238,1193
7279,1194
7293,1199
7298,1194
7391,1194
7392,1197
7399,1194
7425,1198
7474,1194
7503,1194
7507,1193
7541,1199
7582,1193
7594,1193
7607,1194
7611,1199
7618,1194
7623,1199
7629,1199
7632,1199
7635,1194
7642,1193
7650,1193
7670,1198
7705,1199
7720,1194
7726,1199
7728,1197
7729,1195
7733,1193
7736,1199
7737,1193
7746,1194
7754,1194
7759,1194
7772,1199
7778,1195
7798,1198
7800,1199
7814,1193
7822,1193
7831,1194
7859,1193
7864,1193
7867,1199
7883,1193
7935,1199
7986,1193
7993,1199
8000,1199
8014,1199
8024,1199
8029,1199
8033,1199
8042,1195
8122,1199
8124,1194
8140,1194
8148,1194
8154,1193
8187,1194
8202,1193
8222,1194
8235,1197
8261,1199
8280,1194
8305,1194
8318,1198
8356,1193
8362,1194
8388,1198
8394,1199
8399,1193
8431,1193
8448,1199
8463,1199
8470,1198
8471,1193
8472,1199
8486,1193
8500,1193
8501,1194
8513,1194
8536,1193
8556,1198
8563,1194
8575,1193
8633,1193
8652,1199
8660,1193
8661,1194
8665,1194
8673,1199
8699,1193
8761,1193
8780,1193
8784,1194
8808,1194
8810,1193
8816,1194
8848,1194
8850,1199
8855,1194
8929,1193
8932,1193
8955,1194
8987,1194
8999,1193
9017,1193
9022,1199
9042,1193
9050,1194
9072,1199
9073,1195
9082,1194
9125,1193
9159,1199
9168,1194
9169,1198
9188,1194
9201,1193
9203,1194
9222,1199
9227,1199
9258,1199
9323,1193
9362,1194
9363,1194
9365,1199
9420,1197
9422,1193
9460,1194
9468,1194
9473,1193
9476,1199
9488,1194
9537,1194
9555,1194
9558,1194
9572,1194
9588,1193
9631,1193
9636,1194
9655,1193
9679,1194
9685,1197
9701,1199
9707,1193
9735,1194
9798,1193
9844,1199
9865,1195
9868,1193
9874,1193
9875,1194
9893,1193
9924,1194
9938,1194
9943,1199
9948,1194
9974,1199
9989,1194
10022,1198
10042,1193
10048,1196
10056,1195
10105,1193
10127,1195
10137,1198
10175,1199
10210,1193
10236,1197
10244,1199
10250,1199
10258,1194
10274,1199
10285,1199
10303,1193
10314,1196
10339,1194
10343,1199
10350,1194
10359,1193
10366,1195
10386,1193
10402,1194
10409,1193
10445,1199
10446,1193
10456,1195
10457,1199
10493,1193
10513,1193
10537,1195
10545,1194
10551,1198
10557,1194
10567,1194
10599,1198
10653,1199
10658,1193
10662,1199
10684,1193
10690,1199
10714,1195
10731,1194
10744,1194
10745,1194
10758,1193
10773,1195
10777,1194
10805,1193
10847,1194
10856,1194
10868,1194
10881,1194
10890,1200
10894,1194
10914,1193
10918,1194
10987,1194
10999,1195
11034,1193
11041,1199
11056,1194
11080,1193
11094,1194
11139,1193
11174,1199
11176,1199
11177,1194
11210,1199
11240,1194
11265,1199
11304,1199
11314,1194
11318,1193
11323,1194
11345,1193
11353,1199
11358,1193
11368,1193
11401,1194
11402,1193
11403,1193
11409,1193
11415,1193
11421,1193
11450,1193
11463,1194
11471,1193
11473,1199
11503,1199
11523,1193
11529,1193
11543,1193
11580,1194
11582,1194
11584,1193
11622,1193
11647,1194
11678,1193
11693,1194
11717,1194
11719,1194
11736,1194
11764,1193
11767,1194
11808,1193
11876,1193
11884,1195
11885,1194
11891,1194
11908,1194
11919,1194
11952,1194
11955,1194
11962,1193
11968,1194
11969,1194
11978,1194
11985,1195
11987,1199
12015,1194
12029,1193
12043,1194
12084,1199
12101,1194
12114,1194
12120,1194
12173,1193
12179,1194
12190,1198
12204,1199
12211,1194
12232,1193
12236,1197
12240,1193
12246,1194
12251,1193
12253,1199
12284,1194
12286,1194
12313,1199
12329,1193
12381,1194
12393,1199
12409,1194
12417,1199
12421,1194
12476,1193
12478,1194
12490,1194
12496,1194
12500,1194
12507,1194
12518,1194
12523,1193
12526,1199
12533,1199
12581,1193
12601,1194
12604,1194
12633,1193
12644,1199
12675,1193
12727,1194
12737,1194
12803,1193
12811,1193
12819,1194
12857,1193
12888,1194
12893,1199
12951,1194
12981,1194
13027,1194
13062,1193
13077,1193
13086,1193
13122,1199
13136,1194
13138,1193
13143,1193
13152,1193
13156,1199
13162,1194
13166,1194
13170,1199
13194,1194
13195,1193
13231,1199
13254,1193
13267,1193
13277,1194
13338,1198
13354,1193
13425,1194
13448,1193
13474,1193
13489,1198
13491,1194
13499,1193
13500,1194
13512,1193
13538,1193
13549,1194
13565,1193
13627,1194
13678,1194
13682,1193
13685,1194
13689,1195
13694,1194
13697,1193
13702,1194
13751,1193
13756,1193
13758,1193
13777,1193
13843,1194
13859,1193
13944,1193
13949,1198
13951,1193
13964,1199
13965,1193
14001,1199
14006,1194
14012,1198
14018,1195
14029,1193
14063,1194
14101,1194
14129,1194
14151,1193
14167,1199
14223,1199
14233,1194
14246,1197
14267,1194
14279,1193
14303,1198
14317,1199
14368,1194
14371,1193
14375,1193
14390,1193
14404,1198
14412,1194
14444,1197
14448,1194
14494,1194
14502,1199
14526,1199
14559,1194
14562,1194
14610,1193
14613,1199
14622,1194
14641,1193
14650,1194
14659,1195
14679,1193
14681,1199
14713,1193
14737,1199
14749,1194
14774,1197
14783,1193
14826,1194
14833,1197
14847,1195
14872,1195
14936,1193
14948,1193
14955,1199
14956,1193
14966,1193
15041,1193
15051,1194
15062,1193
15070,1195
15075,1199
15076,1195
15084,1194
15088,1193
15093,1199
15141,1194
15144,1195
15174,1193
15186,1193
15203,1194
15208,1193
15251,1199
15265,1194
15268,1194
15279,1194
15327,1194
15350,1193
15359,1194
15360,1199
15378,1194
15385,1193
15388,1194
15427,1199
15432,1193
15453,1193
15476,1194
15477,1194
15496,1194
15503,1198
15522,1199
15536,1195
15562,1193
15567,1195
15569,1193
15573,1196
15585,1197
15618,1194
15619,1193
15686,1199
15690,1193
15694,1193
15713,1194
15780,1193
15781,1198
15821,1199
15857,1194
15868,1199
15881,1193
15894,1199
15906,1194
15928,1196
15938,1193
15962,1193
15970,1193
15986,1194
15989,1194
16039,1198
16053,1194
16083,1199
16091,1194
16140,1195
16147,1199
16151,1193
16158,1194
16166,1193
16177,1194
16197,1194
16222,1193
16228,1199
16264,1199
16346,1193
16366,1199
16379,1193
16401,1199
16412,1194
16416,1198
16430,1193
16445,1199
16463,1193
16465,1194
16515,1198
16560,1194
16626,1198
16689,1199
16711,1195
16736,1193
16787,1199
16790,1194
16800,1197
16810,1193
16818,1194
16820,1195
16821,1193
16835,1194
16844,1194
16864,1194
16888,1199
16908,1193
16930,1194
16994,1193
17014,1199
17052,1194
17083,1193
17097,1193
17102,1199
17105,1194
17111,1194
17122,1195
17155,1193
17182,1195
17193,1198
17226,1194
17258,1193
17270,1194
17275,1199
17282,1198
17295,1194
17298,1199
17315,1193
17335,1193
17336,1198
17338,1194
17345,1194
17386,1194
17435,1193
17460,1199
17461,1193
17463,1194
17474,1193
17475,1194
17499,1194
17562,1199
17593,1195
17610,1194
17630,1194
17671,1199
17679,1194
17721,1193
17725,1194
17735,1194
17742,1198
17774,1194
17808,1194
17814,1194
17818,1195
17836,1198
17855,1194
17955,1199
18005,1194
18086,1193
18088,1193
18152,1194
18163,1194
18181,1194
18191,1199
18198,1193
18215,1194
18236,1193
18257,1199
18290,1193
18291,1199
18331,1199
18336,1194
18350,1195
18357,1197
18370,1198
18378,1194
18382,1194
18387,1194
18388,1194
18448,1193
18492,1197
18499,1194
18500,1199
18537,1194
18540,1198
18549,1194
18574,1194
18605,1194
18637,1193
18644,1194
18675,1193
18682,1193
18684,1194
18689,1197
18694,1194
18698,1194
18704,1194
18706,1193
18709,1193
18722,1199
18735,1194
18765,1194
18771,1199
18783,1198
18784,1194
18811,1193
18867,1199
18894,1195
18914,1194
18930,1195
18951,1195
18963,1194
19009,1199
19013,1193
19017,1193
19034,1194
19060,1199
19070,1199
19075,1193
19084,1193
19099,1193
19145,1194
19170,1194
19184,1199
19199,1199
19217,1193
19243,1199
19249,1194
19252,1194
19266,1199
19274,1199
19276,1193
19296,1194
19304,1199
19319,1194
19333,1193
19379,1194
19394,1194
19396,1194
19417,1195
19418,1199
19425,1193
19434,1194
19444,1194
19459,1193
19464,1193
19482,1193
19539,1194
19543,1193
19545,1194
19598,1194
19601,1198
19614,1193
19633,1194
19637,1194
19681,1193
19694,1194
19706,1194
19734,1199
19744,1198
19824,1199
19907,1194
19910,1194
19916,1199
19924,1193
19936,1194
19948,1194
19949,1193
19950,1194
19995,1194
20005,1197
20020,1193
20038,1194
20046,1199
20049,1194
20056,1198
20057,1199
20059,1194
20082,1194
20089,1193
20110,1193
20116,1199
20122,1193
20126,1194
20142,1194
20168,1193
20174,1199
20176,1199
20181,1194
20183,1196
20218,1197
20220,1194
20251,1197
20271,1195
20273,1199
20285,1193
20295,1194
20310,1194
20343,1194
20407,1199
20409,1197
20421,1199
20426,1194
20451,1199
20452,1193
20456,1194
20458,1193
20508,1193
20532,1194
20571,1194
20576,1195
20607,1193
20615,1199
20631,1199
20659,1199
20693,1194
20735,1199
20767,1193
20774,1195
20813,1195
20815,1194
20844,1199
20871,1194
20874,1199
20876,1194
20890,1199
20906,1193
20930,1199
20931,1199
20938,1199
20941,1194
20946,1193
21018,1198
21025,1194
21066,1199
21075,1193
21077,1194
21085,1194
21095,1193
21119,1194
21125,1194
21135,1198
21163,1194
21177,1198
21192,1199
21218,1193
21229,1194
21241,1194
21266,1193
21284,1199
21291,1194
21313,1199
21321,1194
21335,1194
21348,1199
21355,1193
21366,1193
21384,1198
21393,1199
21399,1194
21418,1194
21420,1194
21427,1193
21447,1194
21462,1194
21464,1194
21476,1199
21492,1193
21510,1195
21511,1193
21517,1193
21539,1194
21549,1193
21564,1194
21568,1195
21574,1193
21630,1195
21644,1193
21660,1193
21676,1193
21679,1193
21694,1194
21704,1193
21714,1199
21717,1194
21724,1193
21730,1193
21734,1199
21774,1194
21783,1194
21788,1194
21803,1194
21804,1198
21820,1193
21847,1194
21873,1194
21878,1193
21902,1199
21928,1193
21960,1193
21962,1194
21973,1199
21977,1198
22014,1194
22017,1199
22019,1193
22033,1199
22035,1193
22043,1199
22059,1194
22098,1193
22109,1199
22125,1193
22149,1194
22160,1199
22184,1199
22232,1193
22241,1194
22243,1193
22290,1193
22312,1194
22315,1195
22327,1193
22331,1194
22350,1193
22356,1199
22372,1199
22392,1197
22396,1193
22408,1199
22416,1199
22441,1194
22465,1193
22488,1193
22504,1194
22518,1194
22553,1199
22570,1194
22574,1199
22588,1199
22593,1199
22606,1193
22672,1195
22682,1200
22683,1193
22717,1194
22745,1199
22767,1197
22769,1199
22780,1195
22811,1193
22813,1199
22816,1195
22825,1193
22878,1198
22927,1194
22961,1193
22962,1193
22987,1193
23000,1194
23021,1194
23031,1193
23033,1193
23039,1193
23056,1194
23066,1193
23083,1199
23086,1194
23113,1193
23115,1199
23125,1199
23143,1194
23153,1199
23199,1193
23224,1193
23226,1194
23239,1194
23245,1193
23256,1195
23297,1194
23311,1194
23346,1193
23364,1193
23409,1194
23437,1193
23443,1199
23446,1194
23468,1199
23488,1193
23499,1198
23522,1193
23531,1193
23534,1194
23553,1198
23567,1194
23585,1195
23589,1193
23599,1193
23603,1193
23613,1193
23644,1193
23659,1199
23666,1199
23670,1194
23680,1194
23766,1195
23778,1199
23806,1199
23845,1199
23846,1193
23847,1198
23849,1194
23891,1193
23900,1193
23923,1196
23934,1194
23973,1193
24014,1194
24026,1199
24030,1199
24055,1194
24079,1196
24108,1194
24114,1199
24125,1193
24130,1194
24157,1194
24160,1193
24219,1193
24222,1199
24225,1193
24260,1193
24262,1194
24273,1193
24280,1193
24281,1194
24293,1199
24386,1194
24411,1199
24443,1194
24478,1195
24512,1195
24534,1194
24540,1195
24573,1195
24604,1199
24626,1194
24633,1194
24671,1193
24695,1199
24719,1194
24730,1199
24732,1193
24736,1193
24739,1194
24751,1198
24797,1198
24810,1198
24831,1198
24867,1199
24906,1194
24925,1193
24963,1198
24972,1194
24984,1194
24993,1199
25039,1199
25052,1194
25053,1194
25054,1194
25058,1193
25074,1193
25086,1193
25090,1193
25091,1194
25118,1193
25150,1194
25186,1194
25191,1194
25216,1193
25236,1193
25284,1198
25302,1193
25307,1194
25310,1193
25336,1193
25393,1194
25417,1199
25491,1199
25500,1193
25527,1199
25535,1193
25545,1194
25549,1194
25569,1194
25581,1193
25600,1198
25606,1197
25631,1199
25638,1193
25642,1194
25682,1194
25689,1194
25708,1195
25716,1199
25718,1194
25745,1194
25752,1199
25775,1193
25826,1195
25857,1193
25871,1193
25875,1194
25882,1194
25912,1194
25939,1195
25997,1199
26001,1194
26003,1193
26006,1193
26008,1199
26042,1197
26057,1193
26066,1193
26081,1193
26091,1194
26120,1194
26130,1194
26142,1199
26154,1193
26163,1194
26168,1193
26173,1194
26198,1195
26217,1193
26225,1194
26230,1194
26234,1194
26300,1193
26307,1193
26315,1194
26347,1194
26373,1194
26411,1194
26419,1199
26426,1194
26436,1198
26439,1193
26466,1194
26473,1199
26540,1194
26558,1193
26577,1199
26580,1194
26583,1194
26611,1194
26624,1193
26648,1193
26656,1194
26660,1193
26683,1194
26697,1193
26704,1193
26709,1194
26730,1194
26767,1199
26780,1193
26791,1194
26816,1194
26817,1194
26830,1199
26848,1195
26853,1194
26865,1198
26886,1193
26889,1198
26897,1193
26927,1194
26928,1199
26929,1199
26975,1194
27010,1193
27011,1194
27044,1194
27050,1193
27075,1193
27080,1194
27098,1199
27104,1194
27134,1199
27159,1199
27173,1194
27174,1193
27188,1193
27218,1195
27251,1199
27277,1199
27282,1193
27303,1194
27400,1194
27429,1195
27433,1197
27437,1193
27483,1199
27490,1194
27508,1199
27582,1193
27630,1194
27652,1199
27679,1194
27680,1198
27704,1193
27711,1199
27742,1194
27792,1199
27811,1194
27825,1198
27855,1195
27879,1194
27887,1195
27899,1199
27909,1194
27916,1193
27923,1194
27934,1199
27936,1198
27943,1193
27965,1194
27969,1193
27984,1194
28023,1193
28034,1193
28051,1193
28058,1193
28082,1195
28099,1193
28118,1195
28120,1199
28142,1193
28148,1194
28235,1199
28265,1194
28267,1196
28285,1199
28352,1193
28367,1199
28393,1199
28418,1194
28426,1195
28434,1197
28455,1193
28480,1193
28509,1193
28510,1194
28596,1193
28619,1194
28623,1193
28637,1193
28638,1194
28639,1194
28647,1195
28662,1193
28663,1197
28667,1193
28700,1199
28706,1198
28718,1194
28723,1194
28756,1193
28830,1193
28835,1193
28848,1193
28892,1199
28901,1194
28904,1199
28907,1194
28913,1194
28924,1199
28928,1199
28931,1198
28939,1194
28942,1194
28957,1194
28969,1194
28972,1199
28973,1194
28987,1193
29045,1199
29074,1194
29105,1194
29127,1194
29128,1199
29156,1194
29176,1199
29190,1194
29203,1198
29214,1199
29272,1199
29273,1193
29284,1199
29294,1193
29301,1194
29317,1199
29318,1193
29319,1194
29320,1193
29393,1194
29410,1195
29419,1199
29435,1198
29441,1193
29443,1199
29453,1199
29468,1193
29478,1194
29480,1193
29492,1193
29508,1199
29509,1199
29521,1193
29533,1194
29549,1194
29558,1194
29595,1194
29643,1198
29646,1194
29684,1194
29695,1199
29711,1193
29715,1193
29756,1199
29770,1193
29776,1193
29794,1194
29860,1199
29883,1194
29889,1198
29892,1194
29903,1198
29908,1194
29930,1194
29950,1194
29953,1199
29970,1194
29994,1193
30006,1194
30050,1193
30074,1194
30096,1194
30099,1199
30107,1194
30138,1194
30170,1193
30197,1194
30198,1193
30228,1195
30232,1194
30264,1194
30300,1194
30308,1193
30322,1194
30326,1194
30336,1193
30343,1193
30348,1199
30362,1199
30381,1193
30464,1193
30477,1199
30504,1193
30519,1199
30527,1193
30529,1194
30556,1194
30568,1194
30601,1194
30604,1194
30606,1194
30634,1193
30661,1194
30674,1199
30677,1193
30696,1199
30709,1194
30752,1193
30786,1194
30790,1194
30843,1199
30855,1199
30859,1193
30861,1193
30871,1199
30875,1194
30890,1193
30898,1194
30910,1194
30944,1193
30945,1199
30974,1194
31010,1194
31014,1194
31026,1199
31047,1199
31050,1194
31073,1194
31074,1193
31099,1193
31105,1194
31111,1194
31144,1194
31147,1193
31168,1193
31185,1193
31276,1194
31281,1193
31289,1194
31334,1199
31338,1195
31378,1193
31393,1195
31394,1195
31397,1193
31439,1194
31467,1199
31517,1194
31531,1194
31561,1195
31580,1197
31592,1193
31594,1194
31621,1199
31642,1195
31655,1195
31675,1193
31693,1193
31700,1194
31711,1195
31712,1194
31713,1195
31731,1194
31769,1199
31776,1199
31793,1194
31800,1194
31816,1193
31891,1194
31970,1196
31975,1199
32004,1195
32008,1194
32013,1194
32034,1199
32044,1193
32075,1193
32094,1194
32123,1194
32167,1193
32173,1194
32192,1193
32217,1199
32283,1194
32309,1194
32317,1193
32341,1194
32348,1198
32358,1193
32402,1193
32415,1193
32418,1194
32430,1194
32458,1193
32464,1193
32479,1198
32507,1199
32522,1193
32523,1193
32530,1193
32537,1199
32540,1193
32544,1194
32554,1194
32593,1194
32605,1194
32613,1197
32629,1193
32675,1197
32698,1199
32702,1194
32725,1194
32736,1194
32769,1193
32811,1193
32852,1193
32877,1193
32880,1193
32890,1199
32922,1194
32926,1193
32953,1194
32956,1194
32970,1199
32993,1197
33003,1194
33009,1194
33010,1193
33020,1193
33022,1199
33023,1199
33042,1194
33063,1194
33074,1194
33083,1193
33125,1193
33157,1193
33186,1199
33211,1199
33227,1193
33267,1194
33297,1194
33330,1194
33333,1195
33359,1193
33361,1199
33367,1199
33374,1199
33389,1193
33393,1193
33415,1196
33466,1199
33468,1199
33480,1198
33481,1193
33503,1199
33524,1194
33540,1199
33554,1193
33573,1193
33575,1194
33639,1193
33683,1193
33688,1199
33702,1194
33709,1199
33712,1194
33740,1199
33767,1194
33772,1199
33783,1193
33792,1194
33824,1193
33881,1199
33885,1195
33900,1193
33934,1193
33959,1193
33969,1194
33992,1196
33996,1194
34012,1193
34052,1194
34056,1199
34087,1194
34130,1194
34147,1193
34172,1194
34185,1199
34188,1195
34227,1199
34239,1199
34282,1193
34308,1199
34324,1193
34329,1193
34333,1199
34360,1194
34382,1194
34393,1194
34423,1194
34427,1193
34461,1194
34502,1194
34530,1193
34549,1197
34551,1193
34589,1194
34601,1198
34618,1194
34656,1194
34663,1193
34664,1199
34671,1194
34719,1199
34733,1193
34750,1194
34767,1195
34777,1199
34797,1195
34825,1193
34854,1194
34856,1194
34864,1199
34873,1194
34878,1199
34906,1194
34914,1197
34932,1194
34935,1193
34940,1199
34963,1193
34987,1193
35031,1199
35033,1199
35062,1195
35066,1193
35067,1194
35070,1195
35111,1193
35127,1194
35136,1197
35144,1197
35168,1194
35174,1199
35183,1194
35225,1193
35277,1194
35307,1199
35397,1199
35411,1194
35418,1193
35421,1193
35424,1193
35426,1194
35428,1194
35445,1199
35450,1194
35469,1194
35483,1199
35527,1199
35528,1199
35545,1199
35547,1194
35549,1193
35555,1199
35569,1193
35572,1193
35599,1193
35600,1194
35651,1194
35658,1194
35675,1195
35707,1194
35732,1199
35734,1195
35764,1194
35781,1193
35812,1199
35814,1193
35841,1194
35911,1193
35954,1198
35957,1193
35966,1199
36033,1194
36052,1199
36088,1194
36100,1193
36104,1194
36105,1195
36114,1195
36129,1194
36132,1194
36137,1194
36152,1199
36153,1198
36165,1199
36180,1194
36211,1193
36219,1197
36246,1193
36254,1194
36261,1193
36266,1193
36369,1194
36394,1199
36400,1194
36420,1193
36427,1193
36434,1194
36450,1199
36463,1194
36493,1194
36495,1194
36497,1194
36511,1194
36529,1194
36541,1199
36548,1193
36564,1199
36583,1193
36609,1193
36611,1194
36633,1193
36673,1199
36681,1194
36708,1194
36727,1193
36778,1193
36796,1193
36829,1198
36839,1194
36897,1194
36907,1194
36911,1199
36936,1199
37009,1194
37018,1193
37031,1193
37042,1194
37043,1198
37108,1199
37114,1198
37125,1194
37152,1199
37158,1199
37174,1193
37198,1199
37220,1194
37226,1194
37243,1194
37253,1199
37288,1195
37313,1194
37321,1194
37366,1193
37378,1193
37405,1194
37413,1194
37414,1199
37425,1194
37448,1193
37453,1193
37455,1199
37465,1193
37471,1199
37522,1194
37550,1193
37622,1193
37626,1194
37627,1193
37632,1199
37644,1194
37663,1199
37682,1193
37688,1194
37689,1194
37700,1194
37715,1194
37826,1194
37839,1195
37840,1199
37843,1194
37912,1193
37926,1199
37942,1193
37963,1195
37965,1193
37995,1193
38017,1194
38033,1199
38046,1199
38047,1194
38064,1199
38073,1194
38087,1194
38109,1199
38118,1194
38136,1194
38141,1194
38163,1193
38164,1193
38171,1194
38187,1194
38202,1193
38207,1194
38227,1193
38243,1193
38268,1193
38279,1194
38289,1194
38322,1199
38325,1199
38375,1194
38427,1193
38432,1194
38434,1199
38435,1193
38457,1195
38474,1193
38475,1199
38478,1199
38479,1198
38485,1193
38503,1194
38511,1195
38521,1198
38526,1193
38535,1199
38580,1194
38581,1199
38598,1199
38641,1193
38677,1193
38681,1194
38691,1195
38697,1193
38711,1195
38718,1193
38719,1193
38728,1193
38729,1193
38794,1199
38851,1199
38855,1194
38864,1194
38890,1194
38910,1193
38936,1194
38952,1193
38960,1195
38966,1194
38967,1194
39020,1199
39025,1193
39029,1193
39044,1199
39055,1194
39084,1194
39123,1198
39163,1194
39166,1194
39202,1194
39209,1199
39241,1195
39248,1194
39258,1193
39304,1194
39324,1198
39343,1193
39365,1194
39374,1199
39375,1199
39425,1194
39453,1194
39456,1193
39459,1193
39462,1193
39480,1197
39485,1193
39517,1194
39524,1193
39527,1199
39533,1199
39542,1199
39565,1199
39585,1193
39603,1198
39606,1193
39613,1194
39618,1193
39637,1193
39645,1193
39654,1193
39689,1193
39690,1194
39696,1199
39702,1194
39705,1193
39739,1199
39746,1193
39747,1193
39751,1195
39765,1193
39766,1194
39784,1195
39848,1199
39880,1194
39934,1193
39948,1194
39950,1193
39953,1193
39959,1194
39960,1195
39985,1197
40022,1194
40030,1194
40049,1194
40067,1199
40072,1193
40073,1194
40094,1194
40099,1194
40102,1197
40145,1193
40152,1194
40169,1194
40197,1198
40230,1194
40257,1199
40261,1199
40277,1195
40279,1193
40288,1199
40300,1194
40314,1193
40376,1193
40378,1193
40380,1193
40398,1193
40456,1198
40457,1193
40501,1199
40527,1194
40528,1193
40562,1198
40569,1194
40574,1195
40587,1194
40610,1199
40639,1194
40658,1194
40662,1194
40671,1195
40678,1195
40754,1193
40756,1199
40764,1194
40832,1198
40872,1198
40875,1194
40929,1193
40943,1194
40967,1193
40995,1194
41028,1197
41065,1193
41097,1194
41110,1198
41118,1194
41156,1194
41166,1194
41169,1193
41179,1194
41219,1199
41226,1196
41280,1193
41292,1193
41310,1199
41334,1198
41348,1193
41385,1194
41389,1194
41404,1193
41416,1197
41450,1194
41472,1193
41479,1193
41490,1193
41531,1194
41538,1194
41554,1194
41556,1199
41578,1193
41590,1199
41607,1199
41697,1193
41706,1199
41748,1193
41769,1194
41774,1194
41777,1193
41785,1199
41796,1194
41811,1194
41835,1194
41842,1194
41858,1193
41898,1199
41913,1194
41927,1193
41944,1195
41945,1199
41951,1194
41991,1198
42032,1194
42037,1195
42070,1194
42085,1194
42086,1199
42119,1194
42125,1193
42166,1197
42174,1194
42183,1199
42189,1193
42220,1193
42221,1193
42235,1199
42237,1199
42249,1194
42261,1199
42267,1199
42278,1194
42280,1194
42284,1194
42298,1194
42306,1194
42386,1199
42396,1193
42439,1193
42443,1194
42454,1199
42458,1193
42463,1194
42499,1194
42502,1193
42515,1193
42518,1194
42538,1199
42540,1193
42565,1199
42618,1199
42636,1195
42642,1193
42654,1194
42675,1194
42683,1193
42689,1198
42690,1194
42722,1198
42757,1197
42761,1194
42776,1193
42810,1199
42813,1199
42824,1194
42834,1194
42843,1194
42854,1199
42883,1193
42912,1199
42919,1193
42945,1193
42948,1199
42952,1194
42970,1194
42974,1194
42992,1193
42999,1194
43007,1197
43015,1193
43042,1194
43050,1195
43052,1200
43086,1193
43143,1197
43152,1194
43158,1194
43253,1194
43263,1199
43273,1194
43315,1193
43320,1199
43330,1194
43363,1195
43364,1195
43391,1194
43429,1198
43435,1199
43442,1194
43477,1199
43485,1193
43499,1194
43543,1193
43565,1199
43613,1194
43659,1193
43716,1194
43773,1194
43779,1198
43792,1198
43793,1193
43795,1199
43803,1193
43808,1199
43811,1193
43843,1195
43853,1194
43867,1194
43880,1195
43882,1194
43884,1193
43922,1193
43923,1199
43948,1199
43953,1193
43972,1193
43976,1194
43978,1194
43991,1194
44005,1193
44021,1199
44065,1199
44098,1194
44112,1199
44142,1194
44180,1194
44183,1193
44189,1195
44198,1194
44244,1194
44252,1194
44263,1199
44281,1199
44286,1193
44307,1193
44324,1197
44341,1194
44348,1194
44349,1194
44356,1199
44357,1195
44358,1194
44363,1193
44371,1193
44380,1193
44400,1193
44407,1194
44453,1194
44485,1194
44508,1194
44520,1193
44522,1193
44552,1195
44569,1194
44587,1194
44597,1194
44603,1194
44609,1193
44631,1195
44634,1199
44641,1199
44649,1193
44665,1194
44684,1194
44719,1193
44749,1194
44763,1194
44781,1194
44798,1193
44816,1198
44820,1194
44841,1194
44854,1195
44867,1193
44892,1194
44897,1194
44924,1194
44931,1193
44932,1193
44950,1193
44992,1199
44998,1193
45038,1199
45093,1193
45119,1193
45125,1193
45132,1193
45140,1195
45141,1199
45149,1193
45177,1193
45178,1194
45184,1194
45195,1193
45226,1193
45249,1194
45266,1199
45270,1193
45337,1199
45340,1194
45355,1193
45378,1194
45413,1194
45419,1193
45435,1194
45453,1193
45464,1194
45465,1199
45485,1194
45486,1194
45490,1195
45512,1193
45518,1195
45533,1193
45545,1193
45548,1193
45579,1194
45584,1199
45600,1194
45652,1193
45654,1194
45672,1194
45687,1194
45689,1199
45706,1193
45717,1193
45755,1193
45764,1194
45773,1194
45791,1193
45844,1194
45879,1194
45946,1194
45948,1193
45956,1193
46026,1194
46094,1194
46098,1193
46099,1194
46101,1199
46112,1198
46115,1193
46151,1197
46165,1194
46177,1198
46202,1199
46269,1194
46286,1194
46330,1194
46357,1199
46363,1199
46378,1198
46400,1193
46425,1198
46432,1194
46549,1194
46623,1197
46637,1194
46726,1198
46740,1194
46743,1198
46760,1199
46813,1193
46837,1194
46849,1194
46863,1199
46864,1193
46869,1193
46901,1194
46920,1194
46929,1193
46957,1193
46983,1193
46996,1194
47005,1193
47019,1194
47065,1194
47083,1193
47090,1194
47097,1193
47109,1193
47110,1194
47112,1194
47117,1194
47139,1199
47155,1193
47192,1194
47204,1199
47230,1193
47268,1199
47271,1194
47290,1193
47301,1193
47306,1198
47336,1194
47362,1194
47375,1199
47390,1194
47393,1199
47398,1194
47413,1194
47446,1199
47468,1193
47494,1194
47495,1194
47501,1193
47506,1197
47511,1195
47539,1193
47541,1193
47543,1199
47566,1199
47586,1194
47612,1199
47616,1194
47630,1193
47641,1193
47650,1194
47654,1195
47656,1199
47660,1199
47726,1194
47740,1199
47809,1194
47817,1194
47822,1194
47824,1194
47849,1193
47865,1193
47872,1194
47907,1199
47924,1194
47931,1195
47945,1194
48026,1193
48031,1199
48082,1193
48083,1199
48132,1194
48177,1193
48181,1194
48217,1194
48218,1194
48225,1198
48236,1193
48301,1195
48363,1193
48368,1193
48391,1194
48392,1199
48397,1194
48399,1193
48401,1193
48403,1194
48429,1198
48470,1194
48472,1193
48487,1193
48518,1199
48527,1194
48541,1199
48551,1194
48573,1193
48584,1199
48623,1193
48629,1194
48634,1194
48638,1193
48686,1193
48692,1199
48718,1193
48733,1194
48738,1194
48778,1199
48795,1199
48831,1194
48914,1194
48924,1193
48959,1193
48968,1193
48988,1193
48996,1194
49025,1199
49033,1193
49048,1199
49055,1199
49063,1194
49071,1193
49084,1194
49105,1194
49117,1194
49168,1193
49224,1194
49225,1194
49269,1194
49285,1194
49321,1194
49342,1194
49343,1199
49364,1193
49382,1194
49397,1194
49412,1194
49431,1193
49432,1198
49435,1194
49446,1193
49501,1194
49507,1194
49538,1197
49540,1193
49553,1193
49575,1193
49584,1195
49593,1199
49605,1193
49609,1194
49612,1199
49615,1193
49621,1194
49633,1194
49639,1193
49643,1194
49663,1193
49678,1194
49733,1194
49798,1193
49803,1194
49808,1194
49812,1193
49816,1194
49843,1193
49862,1194
49903,1199
49914,1199
49927,1193
49947,1193
49958,1193
49962,1199
49973,1193
49991,1194
50004,1193
50018,1193
50036,1194