275,1212
336,7833
347,1750
487,4621
681,1752
709,1668
786,1752
1004,1752
1283,1756
1299,4643
1359,1210
1524,1212
1684,1671
1699,1756
1747,1752
1766,4612
1894,4612
2037,4506
2108,1756
2155,4660
2311,4642
2400,2099
2677,4654
2780,4660
2847,1756
3066,4612
3070,1756
3160,2099
3368,1752
3453,1756
3678,1756
3756,1670
3797,4642
3979,4616
4001,1756
4399,1671
4535,1668
4723,4641
4734,4634
4739,1212
4773,1756
4834,1212
4852,1750
5025,4647
5097,1216
5784,1755
5840,1209
5897,1209
6303,1750
6311,1212
6517,1671
6573,1756
6608,1756
6799,1666
6880,4621
7277,1212
7296,1212
7461,1752
7771,4625
7813,4615
7985,1668
7991,4612
8266,1756
8492,4501
8595,4612
8620,1216
8758,4501
8992,2099
9025,1668
9099,1752
9170,1668
9243,4614
9498,4641
9712,1750
9746,1752
10024,4612
10052,1209
10254,1752
10306,4614
10472,4612
10544,1752
10656,1216
10798,4647
10910,1209
11144,1756
11209,1755
11332,4501
11405,1216
11624,1752
11628,1752
12147,1212
12528,1752
12750,1752
12937,1756
12971,1666
13127,1752
13184,1670
13420,2214
13637,2099
13788,1756
13936,4660
14087,1752
14202,1752
14229,1752
14241,1212
14584,1752
14644,4634
14960,1671
15104,1752
15248,1755
15316,1667
15344,1756
15747,1666
15750,4501
15783,1755
15908,4501
15954,1668
15978,4625
16011,1209
16022,1668
16038,4506
16045,1752
16094,1670
16187,4612
16216,1666
16288,4634
16448,1212
16552,1214
16657,1756
16687,1756
16905,1217
16923,1209
17009,1752
17201,4625
17303,1214
17426,1756
17829,1212
17940,1750
18042,1755
18217,1214
18616,1666
19272,1756
19345,1209
19445,1671
19547,1752
19865,1756
19981,1209
20180,4616
20217,1755
20396,1752
20554,1755
20714,1755
20751,1756
21083,1209
21223,1752
21282,1756
21519,1755
21546,1756
21624,1671
22047,4501
22668,7833
22801,1209
23079,1758
23108,1752
23133,1212
23419,4636
23487,4625
23667,4612
23917,2214
23971,1752
24006,1756
24043,4641
24185,4612
24321,1756
24353,4654
24539,1756
25135,1756
25140,1671
25370,1756
25563,1212
25603,1212
25629,1212
26110,1212
26128,4651
26191,1750
26309,1756
26471,1752
26574,4629
26590,1212
27096,1752
27397,1752
27634,1215
27671,4625
27675,2083
27760,1755
27813,1755
27832,1209
27913,4612
28087,1666
28221,1212
28331,1666
28610,1756
28831,1756
28872,1756
28878,4625
28898,1756
29056,1217
29277,1752
29653,4506
29750,1756
29806,1752
30092,1750
30146,4660
30149,1212
30363,1670
30631,1671
30964,1755
30977,1212
31006,1212
31044,1668
31094,4647
31228,1752
31265,1212
31515,4612
31775,1756
31872,4616
31897,1752
31961,1670
32080,1752
32210,4506
32521,1217
32553,4506
32604,1752
32863,4654
33112,1668
33177,1752
33437,1212
33940,4625
34312,1212
34764,1212
34860,1755
34922,4501
34924,1752
35148,4628
35207,1213
35398,1752
35430,1752
35438,1752
35739,1756
35754,1671
35789,1666
35881,1752
35988,1756
36167,1756
36190,4654
36222,1670
36339,1752
36488,2214
36521,1752
36563,1212
36730,1752
36810,2114
36929,1209
37056,1209
37156,1752
37191,1666
37283,4654
37340,4636
37374,1209
37519,1756
37931,1212
37934,1666
37992,1752
38169,1671
38181,1756
38458,1217
38613,1670
38675,5241
38874,4614
39018,1216
39222,1212
39380,2214
39571,1216
39620,1670
39666,4612
39842,1755
39876,1752
39888,1756
40189,4651
40216,4629
40267,1209
40652,1209
40781,1756
40791,4614
40904,1212
40962,1755
41129,4618
41466,1752
41611,1666
41667,4506
41767,1212
41778,1209
41820,4501
41864,1668
42028,4641
42042,1214
42127,1671
42190,1756
42393,1668
42715,1752
42783,4654
42822,4612
42886,1752
42969,4612
43070,1756
43075,1756
43184,2099
43208,1212
43258,1212
43467,4612
43527,1756
43804,4636
43807,4651
43856,4612
43894,1752
44029,4625
44226,1209
44732,4501
44793,1752
44843,1212
44885,4629
44925,1212
44975,1752
45010,1756
45222,1752
45235,1666
45405,4647
45514,1666
46102,1756
46360,1756
46540,1756
46572,1670
46609,4501
46661,4501
46692,4644
46758,1214
46854,7833
47374,1212
47589,1212
47628,4625
47866,4647
47992,1756
48003,1668
48016,4647
48241,1216
48297,1752
48490,4612
48502,1755
48665,1752
48811,1212
48915,1214
48922,1755
48978,1668
48981,1752
48993,1756
49058,1752
49218,1212
49235,1752
49485,1668
49519,1752
49557,4628
49683,1209
49732,4629
49877,1752