20,1627
36,176
90,183
120,1633
131,1633
171,116
188,176
203,178
212,1633
229,189
235,180
297,181
313,182
356,182
364,179
401,176
403,179
450,180
506,161
508,1627
519,1633
525,180
539,182
574,116
584,183
615,178
627,182
647,176
659,183
704,1627
705,116
726,116
855,161
863,183
878,179
913,179
927,176
940,183
996,182
1016,116
1046,181
1059,178
1063,178
1072,182
1126,116
1185,182
1275,161
1278,182
1303,178
1304,176
1316,116
1321,179
1327,182
1366,1352
1380,1397
1412,183
1430,180
1433,1398
1516,179
1595,176
1603,181
1605,176
1626,178
1706,1627
1899,161
1955,1633
1969,1398
1997,1397
2001,182
2015,182
2027,1630
2063,179
2069,182
2072,179
2109,180
2140,1628
2209,116
2212,116
2247,182
2308,116
2335,2628
2426,1627
2428,116
2481,176
2496,180
2573,179
2577,1633
2600,183
2710,1352
2788,177
2855,182
2932,179
3003,176
3039,1633
3060,180
3219,1627
3247,176
3260,1627
3298,1352
3326,1631
3403,1633
3442,161
3472,180
3601,1627
3662,179
3686,179
3780,178
3832,179
3873,182
3883,183
3955,116
3964,161
4067,1397
4135,176
4183,1627
4203,180
4214,179
4230,116
4264,116
4289,183
4294,161
4296,116
4316,179
4393,116
4405,116
4413,180
4438,182
4462,180
4516,1633
4528,178
4529,188
4636,1352
4638,182
4685,184
4710,1628
4774,182
4871,181
4933,181
4938,180
4995,178
5041,182
5043,179
5112,179
5145,1397
5172,116
5192,182
5193,1631
5219,179
5257,180
5272,182
5314,1633
5323,178
5471,180
5472,116
5478,178
5480,116
5491,1633
5501,1627
5520,179
5549,182
5574,1627
5630,1683
5683,1627
5709,182
5779,1397
5785,1627
5786,176
5805,183
5856,182
5911,1397
5915,176
5918,116
5961,1629
6005,180
6046,182
6076,179
6119,178
6130,116
6247,182
6377,180
6417,1633
6456,179
6479,182
6509,1633
6536,161
6547,176
6552,180
6589,178
6590,178
6620,178
6640,178
6750,1628
6756,1633
6775,1633
6825,176
6936,1631
7043,1627
7123,183
7174,182
7189,1631
7200,161
7218,161
7262,182
7341,179
7348,178
7358,180
7400,1631
7478,183
7497,183
7505,177
7562,176
7584,182
7661,186
7709,178
7713,179
7731,186
7741,183
7770,179
7799,1627
7865,116
7885,180
7930,179
7965,182
8004,1630
8037,161
8094,1633
8189,182
8303,180
8336,178
8359,1352
8371,179
8385,183
8391,1352
8417,180
8422,176
8479,179
8482,178
8566,1627
8582,179
8597,1627
8687,180
8705,180
8729,182
8801,180
8826,176
8846,182
8880,182
8889,178
8927,186
8990,1627
9006,182
9024,182
9104,1627
9124,1352
9147,1633
9150,1397
9180,186
9183,1627
9208,1628
9266,116
9277,180
9303,182
9361,1629
9370,1633
9373,179
9391,183
9397,161
9412,1627
9415,1627
9481,180
9515,180
9525,1627
9541,182
9564,182
9644,1631
9668,176
9676,180
9709,182
9726,182
9761,182
9765,182
9791,1627
9826,178
9856,1631
9918,182
9920,1633
9975,116
10026,180
10092,1627
10109,182
10120,1631
10185,182
10290,178
10329,1633
10374,180
10376,179
10453,161
10523,183
10528,178
10563,183
10597,1628
10601,116
10620,1627
10764,1352
10787,180
10811,182
10820,1633
10824,182
10837,179
10848,179
10939,178
11001,1397
11014,183
11045,1629
11066,1633
11082,182
11102,1627
11105,1633
11107,178
11188,179
11190,1398
11193,1631
11225,178
11230,1633
11306,1625
11334,1633
11351,189
11363,178
11420,180
11437,186
11514,178
11544,1627
11548,116
11555,179
11573,182
11710,185
11807,179
11828,182
11920,1627
11982,176
12017,176
12032,182
12081,1627
12125,180
12154,1352
12194,1627
12198,1628
12209,1632
12278,1630
12288,183
12311,180
12349,1633
12368,180
12404,178
12441,1633
12524,182
12551,1627
12560,179
12577,180
12591,182
12620,1633
12623,1397
12650,1627
12677,179
12702,179
12709,1633
12711,182
12730,1633
12753,182
12774,181
12792,180
12805,183
12829,178
12843,161
12916,1627
12977,1627
12985,180
13005,176
13023,184
13081,116
13093,1627
13106,1397
13164,1628
13202,1633
13210,178
13253,183
13347,179
13390,1627
13416,1627
13434,184
13447,180
13450,182
13451,116
13541,1627
13548,1629
13634,1629
13636,161
13650,182
13666,179
13679,180
13710,116
13717,182
13735,178
13752,182
13808,178
13887,1398
13904,181
13946,179
14000,1398
14005,179
14026,1633
14043,176
14116,182
14122,161
14145,1633
14149,180
14186,180
14372,179
14401,1631
14414,1627
14446,180
14459,1633
14475,179
14481,179
14484,1625
14486,1626
14514,178
14516,1627
14544,182
14586,183
14589,1398
14603,179
14741,1627
14744,1631
14769,176
14776,182
14850,1633
14870,1633
14891,179
14916,1627
14961,179
14969,161
14981,116
15011,179
15028,176
15053,1627
15055,179
15096,1629
15113,182
15131,176
15138,1352
15142,179
15170,182
15176,1627
15269,1398
15296,179
15309,1627
15346,1629
15348,179
15376,161
15426,179
15455,178
15550,179
15560,1627
15586,182
15591,1627
15631,182
15637,176
15654,116
15658,179
15669,181
15689,1627
15735,178
15738,1633
15756,176
15792,179
15816,176
15865,1633
15936,1397
15983,179
15997,1627
16014,182
16085,179
16201,182
16207,179
16213,1352
16238,178
16248,1627
16291,180
16391,183
16393,182
16428,179
16498,184
16525,116
16542,1629
16565,1629
16588,176
16638,182
16681,183
16730,180
16731,182
16746,176
16775,180
17047,182
17128,1627
17199,1627
17209,182
17264,182
17476,180
17480,179
17498,184
17552,179
17597,182
17615,1627
17658,182
17662,1627
17694,188
17746,182
17756,161
17782,178
17851,186
17914,183
17951,179
17977,180
18041,182
18080,1627
18184,179
18202,180
18214,176
18229,183
18274,182
18353,178
18392,1627
18414,1629
18467,176
18471,1627
18487,116
18520,182
18536,1627
18539,182
18544,180
18582,1633
18589,182
18680,1629
18703,182
18751,183
18807,1629
18813,1398
18890,180
18903,182
18906,179
18924,183
18934,1352
18961,176
18987,1627
18995,179
19026,1397
19030,1631
19033,1627
19036,1352
19039,1628
19052,1627
19066,182
19091,1633
19095,179
19116,161
19211,182
19233,180
19260,1628
19314,1625
19331,182
19339,183
19347,180
19368,116
19384,182
19443,1627
19516,176
19520,1633
19526,1627
19534,182
19544,179
19575,180
19587,1631
19607,182
19646,179
19754,1397
19782,116
19850,1633
19874,1627
19878,161
19888,179
19914,1633
19935,1628
19976,1633
19991,161
20017,1627
20164,116
20230,179
20266,179
20275,1397
20282,4747
20463,1627
20509,182
20588,182
20593,161
20603,1627
20643,182
20648,179
20650,1633
20697,1627
20700,176
20729,178
20749,180
20765,1625
20799,1629
20829,182
20850,182
20868,179
20879,1627
20967,179
20984,1633
21014,178
21029,176
21050,1352
21099,182
21127,179
21156,182
21181,1631
21257,1627
21317,180
21350,2628
21365,180
21422,183
21423,178
21461,182
21493,176
21582,179
21718,179
21725,183
21859,1633
21940,1633
22007,1627
22050,182
22133,178
22156,183
22200,1625
22237,182
22306,1627
22314,178
22342,179
22389,179
22444,182
22447,1629
22472,176
22495,1633
22496,1398
22573,1633
22578,1397
22641,116
22664,182
22680,179
22772,1397
22777,1631
22828,1627
22996,1627
23067,181
23070,1627
23162,179
23209,179
23230,180
23286,178
23315,1631
23343,178
23344,4747
23345,182
23362,161
23376,179
23414,1631
23431,188
23449,1633
23480,179
23504,186
23514,1627
23535,180
23556,179
23629,189
23634,1631
23763,176
23819,180
23837,1627
23896,1627
23904,176
23921,161
23927,183
23932,1633
23957,183
23961,1633
23963,180
23979,1633
24148,179
24203,1627
24263,186
24268,182
24302,176
24343,116
24392,1633
24419,176
24437,116
24460,178
24508,179
24555,1398
24571,1633
24659,1631
24845,1633
24860,182
24882,182
24924,1629
25006,179
25104,1629
25196,1631
25209,180
25312,1627
25322,180
25367,161
25414,184
25446,182
25510,178
25556,181
25557,183
25583,180
25683,180
25684,181
25702,178
25771,182
25776,178
25829,182
25833,1627
25843,1633
25849,189
25919,1627
26016,1627
26044,180
26059,161
26073,177
26114,179
26129,183
26135,180
26139,178
26172,1627
26177,1629
26197,116
26199,4745
26216,1633
26242,1631
26295,184
26317,1633
26341,179
26429,189
26475,116
26493,178
26514,116
26569,179
26573,1397
26628,178
26653,178
26661,179
26693,180
26773,176
26784,178
26808,182
26833,182
26867,182
26874,1633
26887,182
26900,176
26913,182
27031,116
27040,1627
27063,180
27129,1627
27131,1633
27193,1627
27201,179
27203,1631
27213,182
27224,186
27254,1633
27302,1627
27313,180
27326,183
27331,180
27415,116
27474,1625
27482,1397
27492,1633
27523,1627
27583,179
27620,1352
27660,176
27722,182
27732,1397
27740,182
27763,183
27851,161
27915,1633
27949,116
27956,186
28019,116
28039,1397
28119,1627
28134,1627
28198,1628
28207,182
28274,116
28299,182
28333,183
28344,179
28362,116
28391,182
28456,1633
28563,176
28592,180
28629,182
28671,182
28766,180
28794,116
28935,179
28988,1629
29011,186
29021,182
29037,1627
29047,1397
29054,1633
29071,182
29076,182
29087,183
29093,176
29102,1627
29131,180
29139,1631
29298,178
29329,1629
29343,116
29427,1627
29498,182
29499,179
29519,182
29528,179
29537,179
29560,180
29640,179
29666,179
29685,176
29710,1633
29758,181
29772,180
29777,161
29797,1625
29812,178
29834,182
29838,4762
29843,116
29864,1397
29926,1398
29927,161
29928,1627
29945,1627
29971,180
30042,178
30066,178
30075,161
30082,116
30122,182
30176,116
30257,1398
30311,1625
30352,1633
30372,1633
30436,1633
30493,183
30539,116
30600,1633
30666,1633
30738,179
30817,1633
30852,1633
30863,1629
30880,186
30934,1633
30946,1627
31021,1627
31023,186
31054,1397
31113,182
31136,178
31188,1398
31213,1633
31250,1633
31252,176
31269,186
31286,183
31323,179
31339,1627
31382,183
31389,176
31390,1633
31411,161
31443,182
31494,178
31556,182
31636,182
31709,161
31722,186
31723,179
31766,1633
31777,182
31780,182
31792,180
31895,1627
31917,1633
31947,161
31965,116
31971,182
32002,180
32033,181
32038,179
32099,1633
32128,179
32144,161
32165,1625
32171,116
32220,1633
32235,179
32245,182
32256,176
32287,182
32292,1630
32384,176
32417,1397
32444,1630
32449,1397
32517,1397
32528,179
32567,1627
32570,182
32626,1633
32647,179
32670,179
32679,178
32690,1631
32757,1633
32797,178
32847,181
32904,1627
32971,1628
33015,1397
33021,182
33032,180
33055,176
33140,1629
33150,176
33173,1627
33187,1630
33342,1397
33400,1627
33425,161
33429,179
33443,1629
33445,1627
33457,176
33499,180
33551,185
33590,179
33624,176
33633,1633
33652,179
33653,182
33685,189
33705,179
33790,176
33820,180
33948,181
33954,182
34003,182
34034,1633
34043,180
34129,161
34238,183
34240,176
34369,178
34370,176
34389,182
34412,178
34433,178
34437,178
34438,182
34552,178
34573,161
34642,182
34690,179
34699,180
34707,116
34734,1628
34744,1627
34754,176
34843,116
34852,182
34888,182
34895,181
34929,182
34981,182
35078,179
35095,176
35219,178
35256,1633
35290,182
35304,179
35400,178
35485,178
35581,1631
35590,1628
35637,161
35642,182
35667,182
35678,1627
35709,182
35731,178
35740,178
35865,1631
35884,179
35916,116
36014,178
36026,161
36040,1633
36081,1627
36120,179
36125,182
36140,179
36144,180
36208,1627
36277,1352
36316,180
36325,179
36338,179
36403,1627
36417,179
36509,4762
36539,182
36554,179
36568,1633
36587,176
36588,180
36621,180
36666,1627
36686,178
36696,182
36737,179
36745,182
36805,1633
36820,1629
36841,180
36843,179
36885,176
36947,186
36974,1628
36990,182
37106,1633
37183,178
37265,1633
37371,161
37391,182
37408,182
37429,180
37491,116
37494,116
37526,1629
37532,1633
37570,1352
37624,1397
37693,182
37707,179
37766,1633
37778,186
37792,180
37810,1627
37855,179
37868,180
37913,116
37976,179
38008,179
38015,179
38045,1633
38126,182
38208,178
38209,182
38249,116
38297,176
38324,1627
38335,161
38507,189
38552,1627
38567,182
38572,116
38614,1629
38637,1633
38643,161
38683,179
38686,116
38715,1633
38720,161
38740,181
38763,176
38768,1629
38918,1627
38978,1629
39030,180
39060,1629
39070,189
39091,1627
39093,184
39280,1398
39300,161
39346,186
39404,179
39429,1630
39450,180
39460,180
39481,1631
39484,186
39520,182
39729,1631
39744,179
39797,1627
39854,180
39891,180
39920,179
39925,179
39973,178
40007,182
40032,1628
40052,161
40089,1633
40147,1631
40195,178
40229,179
40231,183
40397,182
40450,176
40493,179
40502,176
40565,1631
40570,179
40670,1627
40721,1631
40897,176
40911,1398
40922,179
40947,116
40973,1625
41038,1633
41048,1625
41055,179
41108,176
41122,1633
41143,1627
41194,181
41209,1397
41365,179
41366,1633
41367,176
41379,178
41403,176
41503,1397
41520,179
41570,180
41618,116
41641,180
41656,116
41666,1627
41722,1633
41737,161
41756,183
41795,1628
41855,182
41901,179
41923,182
41952,1633
41954,179
41962,1397
42131,1352
42182,1397
42214,180
42285,178
42360,183
42363,178
42387,182
42511,176
42584,1397
42589,1628
42598,179
42601,179
42612,1627
42702,116
42796,1633
42811,183
42815,1627
42817,1627
42868,1627
42875,116
42880,1633
42901,179
42905,116
42931,186
42946,182
42947,4762
42966,1633
42968,1627
42972,179
43000,1627
43019,176
43031,176
43055,176
43071,181
43094,182
43095,186
43236,184
43281,179
43335,161
43355,179
43365,179
43460,182
43466,178
43541,180
43579,1630
43634,178
43653,1630
43668,161
43850,180
43892,1629
43902,180
43929,182
43937,1633
43940,182
43943,1627
43954,183
43968,1630
43979,1627
44003,179
44030,182
44051,180
44170,1631
44221,1631
44259,176
44327,182
44389,186
44430,182
44479,1628
44546,180
44576,1627
44617,1633
44639,1627
44676,177
44686,116
44774,1631
44813,179
44863,181
44914,1633
45014,1633
45016,1628
45131,1633
45171,161
45212,180
45224,116
45382,182
45418,178
45455,1633
45460,4762
45484,1397
45523,182
45554,179
45571,178
45617,1397
45671,181
45710,178
45783,179
45801,176
45808,1627
45816,188
45883,1633
45912,176
45994,180
46055,1627
46119,182
46135,116
46144,179
46145,182
46170,184
46258,182
46341,179
46344,178
46404,179
46470,1397
46476,1633
46490,180
46510,116
46525,179
46539,180
46557,180
46588,161
46601,4745
46625,1628
46685,182
46686,1398
46709,182
46747,189
46774,179
46862,180
47023,182
47025,1627
47061,178
47185,1352
47188,183
47219,161
47344,1627
47345,182
47386,1627
47404,161
47423,1631
47432,184
47434,161
47452,179
47474,178
47546,179
47596,182
47604,161
47610,183
47651,178
47722,1633
47885,179
47941,182
47956,182
47987,181
48200,183
48204,176
48256,182
48272,180
48306,182
48330,180
48337,179
48375,182
48442,182
48482,178
48512,182
48517,161
48521,180
48585,1627
48604,181
48621,1633
48671,116
48777,1627
48827,1630
48851,1627
48898,179
48907,1633
48999,1633
49068,2628
49114,183
49136,176
49204,178
49229,1628
49244,1397
49253,182
49264,116
49288,1627
49320,1628
49436,1633
49488,178
49505,1627
49514,179
49532,1629
49620,182
49652,176
49675,176
49679,186
49693,1627
49723,1628
49725,178
49772,178
49791,1633
49800,182
49829,1633
49949,1627
49975,179
49998,182
50019,161
50022,116