117,171
474,174
635,170
660,169
866,171
1024,169
1136,169
1202,169
1259,174
1294,169
1416,172
1444,175
1610,169
1741,169
1752,169
1763,172
2042,169
2046,169
2177,169
2189,169
2293,171
2358,173
2482,172
2574,171
2690,170
2715,169
2821,169
2922,169
3169,172
3256,175
3300,169
3445,174
3497,169
3809,173
4047,174
4180,172
4300,174
4369,173
4390,170
4683,169
4850,175
5484,174
5616,169
5729,174
5803,172
5809,172
5855,175
5894,174
6042,169
6358,169
6391,172
6510,169
6707,169
6714,171
6716,174
6755,170
6836,174
7287,170
7443,170
7544,170
7608,174
7948,174
8090,172
8141,173
8229,169
8351,169
8407,174
8420,170
8626,174
8645,173
8669,173
8821,173
8905,174
8959,174
9087,169
9089,175
9276,169
9339,170
9407,169
9471,170
9625,171
10066,169
10162,169
10581,175
10650,174
10663,172
10698,170
10959,174
11012,171
11119,169
11425,174
11435,170
11805,174
11838,169
11869,172
12142,171
12280,172
12326,169
12395,171
12448,173
12461,175
12594,170
12779,174
12823,174
13033,170
13042,169
13218,169
13403,171
13514,169
13554,169
13635,173
13786,172
13903,174
13912,169
14123,169
14128,170
14193,173
14261,174
14335,169
14402,170
14673,171
15395,169
15502,174
15714,171
15770,172
15905,174
15916,169
15932,169
15948,169
16191,171
16299,169
16336,174
16364,169
16398,169
16636,175
16675,169
16862,171
16964,170
17037,174
17166,175
17172,170
17406,169
17577,169
17697,173
17704,169
17858,175
18131,170
18345,175
18408,173
18461,174
18538,170
18701,170
18778,169
18801,170
18830,175
19001,172
19158,175
19179,172
19327,169
19682,174
19697,175
19835,172
19838,174
20025,169
20037,169
20160,169
20233,172
20336,170
20518,172
20540,172
20621,169
20788,170
21033,175
21120,173
21406,170
21428,170
21436,169
21452,169
21557,169
21593,169
21701,170
21731,174
21813,169
22110,170
22136,170
22203,174
22254,170
22275,172
22281,169
22343,169
22521,170
22581,175
22841,171
22866,172
23024,171
23052,172
23057,169
23154,169
23236,172
23844,169
23930,172
24051,174
24129,170
24306,169
24366,173
24423,170
24464,171
24537,170
24667,172
24830,174
24876,172
25027,169
25249,174
25423,170
25564,169
25765,174
25928,169
25983,174
26015,170
26026,174
26178,169
26252,171
26289,171
26370,175
26544,170
26759,171
26831,171
26891,171
26903,173
26920,169
27066,170
27261,169
27287,172
27412,170
27413,171
27576,173
27668,174
27977,173
28100,169
28143,169
28146,169
28261,170
28464,173
28514,174
28529,174
28575,175
28712,174
28822,174
28985,170
29057,169
29179,174
29200,171
29255,170
29260,169
29293,171
29407,170
29553,169
29565,172
29668,170
29730,170
29811,169
29914,170
29944,174
29986,171
30110,175
30179,173
30209,170
30408,175
30660,171
30695,170
30779,169
30848,171
31069,169
31140,169
31217,174
31271,169
31431,170
31671,169
31708,169
31779,171
31856,169
31859,173
31919,169
31922,169
32120,175
32313,171
32364,170
32414,169
32577,169
32624,169
32795,169
32872,171
32924,171
32949,170
32954,169
33001,174
33101,171
33108,170
33165,171
33204,173
33212,175
33278,169
33288,175
33446,174
33493,169
33502,170
33588,171
33749,171
33774,170
33919,174
33963,173
34033,174
34049,170
34187,169
34352,173
34365,169
34421,170
34431,171
34503,171
34577,170
34673,169
34824,174
34844,175
34874,169
34920,171
34941,175
35125,174
35155,172
35180,170
35231,170
35284,174
35381,171
35407,169
35574,170
35721,174
35793,175
35861,171
35997,170
36133,170
36186,169
36309,170
36624,169
36850,170
36931,172
36969,172
37323,169
37457,169
37652,170
37701,170
37945,171
38034,171
38370,173
38391,169
38473,170
38506,171
38588,174
38638,174
38703,169
38732,171
38884,171
38994,175
39266,169
39566,171
39734,174
39853,174
39992,172
40117,174
40176,170
40245,170
40271,171
40429,169
40580,175
40638,169
40762,169
40854,172
40910,171
41130,169
41215,169
41282,174
41299,170
41303,172
41559,171
42000,175
42077,174
42154,172
42559,170
42816,172
42826,174
43091,170
43121,169
43199,171
43205,175
43251,169
43405,169
43439,169
43576,174
43810,170
43916,173
43925,169
44113,174
44184,175
44395,174
44410,174
44519,172
44723,172
44775,175
44835,175
44850,169
44976,169
45068,175
45089,170
45233,170
45289,169
45345,169
45389,169
45461,174
45557,174
45649,171
45798,170
45814,173
45922,170
45950,175
45985,174
45989,175
46260,170
46263,169
46365,169
46410,174
46462,174
46498,173
46581,175
46632,173
46739,169
46795,174
46981,175
47033,170
47143,173
47303,174
47459,173
47573,172
47745,172
47789,174
48305,175
48358,174
48407,170
48428,170
48989,175
49060,169
49439,172
49497,170
49522,169
49627,175
49761,174
50030,174