155,1476
442,1353
891,1475
1138,1476
1244,1476
1287,1476
1410,1476
1683,1476
1713,1476
1717,1475
2460,2006
2546,1476
2711,2006
3481,1475
3612,1476
3748,2006
3882,1353
3961,1353
4536,1476
4695,1475
5059,1476
5502,1353
5542,1476
5886,1475
6762,1475
7134,1476
7149,1475
7182,1476
7282,1475
7441,1475
7490,1475
8249,1355
8352,1476
8551,1476
8558,1476
8671,1476
8675,1476
8973,1476
9333,1476
9854,1476
10270,1475
10348,1476
10461,1476
10671,1476
10740,1353
11449,1353
11468,1476
11776,1355
12189,1476
13009,2006
13200,1476
13328,1476
13349,1475
13402,1475
13421,2006
13834,1475
13870,1476
14152,1476
14381,1476
14600,1476
14768,1475
15036,2006
15286,1476
15397,1476
15663,1476
15691,2006
16113,1353
16253,1476
16443,1476
16510,1475
17308,1476
17382,1475
17856,1476
18120,1476
18293,1476
18484,1476
18756,1476
18869,2006
19402,1353
20368,1476
20547,1476
20955,2006
21437,1476
22122,1356
22158,1475
22172,1475
22326,2004
22589,1476
22592,1476
22789,1475
23076,2006
23393,1475
23704,1476
24052,1476
24112,1476
24946,1475
25572,1476
25728,1475
25900,1475
25940,2004
26036,2006
26038,1475
26264,1475
26283,1475
26298,1476
26561,1476
26605,1476
26888,1475
27637,1476
28156,1476
28258,1476
29397,1476
30142,1475
30345,1475
30391,1476
30488,1476
30775,1475
30798,1476
30955,2007
31285,1475
31309,1475
31315,1476
31349,1476
31881,1476
31892,1475
32232,1476
32393,1476
32504,1476
34661,1476
35007,1476
35501,1475
36068,1476
36241,1476
36492,1475
36663,1475
36677,1476
37189,2006
37383,1353
37423,1476
37443,1476
37477,1476
37546,1475
38315,1476
38333,1353
38615,1476
38666,1476
38913,1476
38975,1476
39090,1476
39339,1476
39936,1476
40026,1475
40637,1475
40641,1476
40881,1476
42414,1476
42633,1476
43160,1475
43632,1475
43721,1475
43881,1476
44081,2004
44109,1476
44207,1475
44851,1475
45250,1475
45296,1475
45570,1475
45899,1475
45904,1476
45981,1476
46083,2006
46121,1476
46317,2006
46807,1356
47274,1475
47894,2006
48374,1476
48668,2006
48807,1475
49056,1476
49414,1476