83,1445
109,1445
116,1445
129,1445
207,1445
223,1445
269,1445
281,1436
348,1436
400,1445
500,1436
523,1436
648,1436
680,1445
719,1436
854,1445
888,1445
907,1445
961,1445
999,1436
1099,1445
1238,1436
1239,1436
1245,1445
1271,1436
1289,1445
1302,1445
1389,1436
1425,1445
1501,1445
1577,1436
1587,1436
1609,1445
1658,1445
1680,1445
1681,1445
1738,1445
1739,1436
1816,1445
1839,1445
1851,1436
1870,1445
1882,1445
1885,1445
1950,1445
2014,1445
2066,1445
2086,1436
2123,1436
2125,1445
2288,1445
2316,1445
2696,1445
2731,1436
2747,1436
2749,1445
2752,1436
2768,1436
2828,1445
2947,1436
2956,1436
3063,1436
3069,1445
3078,1445
3086,1436
3120,1445
3154,1445
3210,1445
3229,1436
3238,1445
3251,1445
3258,1445
3301,1436
3369,1445
3381,1445
3433,1445
3434,1436
3554,1445
3574,1445
3578,1445
3619,1436
3622,1445
3644,1445
3708,1445
3729,1445
3824,1445
3846,1436
3906,1436
3984,1445
4079,1445
4094,1445
4106,1445
4290,1436
4329,1445
4341,1445
4381,1445
4519,1436
4564,1436
4622,1445
4657,1445
4663,1436
4725,1445
4771,1445
4826,1436
4843,1445
4851,1445
4857,1445
4874,1445
4886,1445
4964,1445
4975,1436
4977,1445
5121,1445
5236,1436
5242,1445
5327,1445
5408,1436
5424,1445
5427,1445
5443,1445
5762,1436
5777,1445
5821,1445
5834,1445
5870,1436
5871,1445
5910,1445
5969,1445
6025,1445
6072,1436
6149,1445
6178,1445
6240,1445
6257,1436
6277,1445
6308,1445
6378,1445
6442,1445
6493,1445
6514,1436
6519,1436
6542,1436
6600,1436
6823,1445
6838,1436
6847,1445
6961,1436
6970,1436
6994,1436
7003,1445
7029,1445
7050,1445
7070,1436
7077,1445
7107,1436
7155,1436
7162,1436
7264,1445
7266,1445
7357,1445
7369,1436
7411,1445
7472,1436
7530,1445
7549,1445
7756,1445
7862,1445
7870,1445
7875,1436
7876,1445
7878,1445
8032,1436
8077,1436
8102,1436
8129,1445
8161,1436
8215,1436
8239,1445
8279,1445
8328,1436
8330,1445
8402,1445
8447,1445
8475,1445
8493,1445
8546,1436
8635,1445
8708,1436
8715,1445
8734,1445
8735,1445
8837,1445
8839,1445
8942,1436
8948,1445
8958,1445
8980,1445
9092,1436
9238,1445
9306,1436
9330,1445
9349,1445
9382,1445
9449,1445
9576,1436
9591,1445
9593,1436
9653,1436
9664,1445
9697,1445
9778,1436
9783,1445
9790,1445
9839,1445
9897,1436
9919,1445
9939,1445
9997,1436
10015,1445
10080,1445
10118,1436
10150,1445
10187,1445
10190,1445
10198,1436
10218,1445
10220,1445
10222,1436
10234,1445
10292,1445
10299,1436
10301,1436
10346,1445
10352,1436
10413,1445
10475,1445
10482,1445
10490,1445
10511,1445
10555,1445
10669,1445
10675,1436
10697,1445
10712,1445
10713,1436
10723,1436
10761,1445
10793,1436
10797,1445
10873,1436
10953,1445
10966,1445
11018,1445
11087,1445
11121,1436
11168,1436
11235,1445
11258,1436
11395,1445
11417,1436
11433,1445
11459,1445
11539,1445
11566,1445
11616,1445
11639,1445
11659,1445
11725,1445
11728,1445
11763,1445
11818,1445
11942,1445
12079,1445
12115,1445
12132,1445
12133,1436
12196,1445
12206,1436
12276,1445
12282,1436
12338,1445
12377,1445
12398,1436
12426,1445
12498,1436
12504,1436
12548,1445
12596,1445
12629,1445
12672,1445
12897,1445
13007,1445
13135,1445
13146,1445
13157,1445
13193,1445
13279,1445
13333,1445
13388,1445
13400,1445
13459,1445
13528,1445
13546,1436
13547,1445
13555,1436
13569,1436
13584,1436
13668,1445
13703,1436
13718,1445
13770,1445
13772,1445
13894,1436
13927,1445
13928,1436
13947,1445
14120,1445
14195,1436
14253,1436
14286,1445
14322,1445
14336,1445
14356,1445
14431,1445
14472,1445
14635,1436
14636,1445
14788,1436
14860,1436
14941,1445
15077,1436
15167,1436
15278,1436
15364,1445
15373,1445
15413,1445
15431,1445
15446,1445
15465,1445
15551,1436
15622,1445
15636,1445
15676,1445
15709,1445
15724,1445
15847,1436
15886,1445
15892,1445
15995,1445
16020,1436
16027,1445
16037,1436
16066,1445
16092,1436
16138,1445
16204,1445
16210,1436
16217,1445
16234,1445
16410,1445
16411,1445
16517,1445
16563,1445
16598,1445
16683,1445
16697,1445
16728,1445
16813,1445
16857,1436
16922,1445
16959,1445
16978,1445
17042,1436
17045,1436
17066,1445
17071,1436
17076,1445
17147,1445
17161,1445
17218,1445
17252,1445
17283,1445
17391,1436
17490,1445
17492,1445
17614,1445
17675,1445
17711,1445
17741,1436
17788,1445
17793,1445
17917,1436
17961,1445
17969,1445
18048,1445
18079,1445
18128,1436
18228,1436
18231,1445
18289,1445
18312,1436
18334,1436
18469,1445
18505,1445
18515,1436
18525,1436
18554,1436
18568,1445
18584,1445
18627,1436
18670,1436
18692,1445
18776,1445
18825,1445
18852,1445
18877,1436
18915,1445
18966,1445
18981,1436
18994,1436
19085,1445
19112,1445
19128,1436
19157,1445
19183,1445
19189,1445
19196,1445
19280,1436
19298,1445
19325,1445
19332,1445
19341,1436
19346,1445
19470,1436
19490,1445
19512,1445
19551,1436
19563,1445
19573,1436
19576,1445
19585,1445
19606,1445
19651,1445
19675,1436
19738,1445
19742,1445
19750,1445
19764,1436
19814,1436
19836,1436
19841,1445
19851,1445
19921,1445
20007,1445
20065,1436
20138,1445
20193,1445
20267,1445
20330,1445
20342,1445
20363,1445
20384,1445
20394,1436
20413,1436
20424,1445
20444,1445
20472,1436
20545,1445
20560,1436
20569,1436
20590,1445
20612,1436
20628,1445
20674,1436
20712,1436
20724,1436
20824,1436
20986,1445
20988,1436
21037,1445
21043,1445
21134,1445
21222,1436
21252,1435
21260,1436
21308,1445
21310,1445
21363,1436
21441,1445
21565,1445
21659,1445
21687,1436
21739,1436
21764,1445
21785,1445
21818,1436
21833,1445
21856,1436
21980,1436
22045,1445
22061,1436
22066,1445
22073,1445
22078,1445
22085,1436
22087,1436
22090,1445
22106,1445
22112,1445
22135,1445
22211,1445
22229,1445
22397,1436
22398,1436
22449,1436
22509,1445
22511,1436
22514,1445
22529,1436
22596,1445
22604,1445
22625,1436
22681,1445
22685,1445
22774,1445
22790,1445
22845,1445
22881,1445
22886,1445
22932,1445
22936,1436
22939,1445
22972,1436
22980,1445
23006,1436
23009,1436
23087,1436
23178,1445
23223,1445
23235,1445
23265,1445
23367,1436
23385,1436
23464,1445
23492,1436
23501,1445
23611,1436
23656,1436
23699,1445
23804,1445
23889,1445
23985,1445
24058,1445
24063,1445
24140,1445
24143,1445
24170,1445
24196,1445
24205,1445
24247,1445
24264,1445
24309,1436
24314,1445
24362,1445
24383,1436
24394,1436
24403,1436
24444,1436
24457,1445
24468,1445
24494,1445
24570,1445
24728,1445
24735,1445
24737,1436
24763,1436
24856,1445
24857,1445
24881,1445
25016,1436
25046,1445
25153,1445
25156,1436
25248,1445
25253,1445
25255,1445
25259,1436
25290,1436
25294,1436
25346,1445
25356,1445
25477,1445
25479,1445
25541,1436
25571,1436
25575,1436
25622,1436
25688,1445
25762,1445
25768,1445
25899,1445
25971,1445
25973,1445
25978,1445
26010,1445
26084,1436
26116,1445
26201,1445
26296,1445
26350,1445
26381,1445
26390,1445
26451,1445
26488,1445
26500,1445
26603,1445
26633,1445
26779,1445
26785,1436
26893,1445
26902,1445
26918,1445
26953,1445
26954,1445
26972,1445
26994,1436
27036,1445
27038,1445
27073,1445
27089,1436
27149,1436
27235,1445
27236,1436
27312,1445
27319,1445
27344,1436
27393,1436
27465,1436
27493,1445
27516,1436
27568,1436
27585,1445
27663,1436
27696,1436
27741,1445
27786,1445
27820,1445
27821,1445
27850,1445
27888,1436
27904,1445
27906,1445
27963,1436
27971,1445
28024,1445
28029,1445
28036,1445
28041,1436
28049,1436
28098,1436
28190,1445
28229,1436
28238,1436
28241,1445
28248,1436
28305,1436
28319,1445
28322,1445
28324,1445
28346,1445
28453,1445
28461,1445
28470,1445
28572,1445
28603,1445
28649,1445
28654,1445
28685,1445
28691,1445
28708,1436
28728,1436
28754,1445
28779,1445
28783,1445
28789,1436
28829,1445
28915,1445
28926,1445
28941,1445
28970,1445
28976,1445
29012,1436
29023,1436
29150,1445
29271,1445
29307,1445
29325,1445
29479,1445
29495,1445
29541,1445
29763,1436
29897,1436
29955,1445
29977,1445
29997,1445
29998,1436
30132,1445
30148,1445
30163,1436
30206,1445
30241,1445
30314,1445
30329,1445
30453,1445
30514,1436
30589,1445
30614,1445
30713,1445
30735,1445
30785,1445
30864,1445
30897,1445
30905,1445
30954,1445
31013,1445
31053,1436
31065,1445
31125,1445
31161,1445
31203,1436
31219,1436
31262,1445
31272,1445
31422,1445
31424,1445
31435,1436
31455,1445
31462,1445
31571,1445
31581,1445
31589,1445
31590,1436
31668,1445
31673,1445
31680,1445
31716,1445
31770,1445
31773,1445
31774,1445
31795,1445
31812,1436
31838,1445
31913,1436
31953,1436
31990,1445
32055,1445
32057,1445
32063,1445
32087,1436
32140,1445
32198,1445
32238,1445
32299,1445
32351,1445
32368,1436
32373,1445
32376,1445
32490,1436
32494,1436
32516,1445
32692,1436
32719,1445
32794,1436
32802,1445
32825,1445
32832,1436
33002,1445
33019,1436
33119,1445
33120,1445
33253,1436
33258,1445
33301,1436
33345,1445
33366,1445
33375,1445
33402,1445
33409,1445
33467,1445
33485,1445
33491,1436
33511,1445
33577,1436
33596,1436
33647,1436
33656,1445
33680,1445
33743,1445
33793,1445
33797,1436
33808,1445
33869,1445
34075,1445
34097,1436
34140,1445
34182,1436
34292,1436
34326,1436
34477,1445
34480,1436
34520,1436
34529,1445
34535,1436
34546,1445
34591,1445
34637,1445
34655,1445
34710,1445
34718,1445
34779,1445
34848,1445
34915,1445
34949,1445
35013,1445
35055,1445
35068,1445
35096,1445
35189,1445
35197,1436
35362,1436
35402,1445
35541,1445
35617,1445
35618,1445
35628,1445
35639,1445
35700,1436
35779,1436
35817,1436
35834,1445
35844,1445
35965,1436
36062,1445
36142,1445
36229,1436
36291,1436
36302,1445
36336,1445
36358,1445
36452,1445
36457,1445
36476,1445
36576,1436
36647,1445
36758,1445
36808,1436
36844,1445
36852,1445
36882,1445
36933,1445
36984,1445
37011,1445
37014,1445
37036,1445
37066,1445
37159,1445
37185,1445
37246,1445
37255,1445
37279,1445
37401,1445
37441,1445
37447,1445
37462,1445
37488,1436
37525,1445
37615,1436
37657,1445
37675,1445
37695,1445
37697,1445
37741,1445
37746,1445
37813,1445
37898,1445
37908,1445
37936,1436
38167,1445
38235,1445
38307,1445
38336,1445
38421,1445
38423,1445
38514,1436
38565,1445
38680,1436
38911,1445
38999,1445
39017,1445
39159,1445
39160,1436
39173,1445
39177,1445
39186,1445
39216,1445
39240,1445
39271,1445
39307,1445
39382,1445
39400,1445
39401,1445
39649,1445
39665,1436
39699,1445
39769,1445
39771,1445
39810,1445
39818,1436
39850,1436
39903,1445
39917,1436
39933,1445
39977,1436
40018,1445
40020,1436
40060,1445
40165,1436
40250,1436
40284,1445
40301,1436
40313,1436
40469,1445
40561,1445
40566,1445
40668,1436
40712,1436
40741,1445
40898,1445
40921,1436
40987,1445
40994,1436
41025,1445
41053,1445
41111,1436
41146,1436
41149,1436
41208,1445
41248,1445
41265,1445
41274,1445
41338,1445
41358,1445
41498,1445
41519,1445
41521,1445
41524,1436
41628,1445
41659,1436
41735,1436
41743,1436
41804,1445
41837,1436
41851,1445
41968,1445
42034,1445
42062,1445
42071,1436
42093,1436
42163,1436
42206,1436
42219,1445
42239,1436
42264,1436
42272,1445
42293,1445
42321,1445
42337,1445
42345,1445
42355,1445
42375,1436
42416,1445
42460,1445
42469,1445
42542,1445
42591,1436
42650,1436
42829,1445
42902,1445
42908,1445
42923,1445
42994,1445
43021,1445
43127,1436
43272,1445
43277,1445
43279,1436
43287,1445
43425,1445
43426,1445
43498,1445
43573,1436
43625,1445
43754,1445
43784,1445
43786,1445
43825,1445
43842,1436
43864,1445
43897,1436
43952,1436
43958,1445
43980,1445
43981,1436
44120,1445
44147,1445
44321,1445
44364,1445
44440,1445
44445,1445
44447,1445
44455,1436
44460,1445
44465,1436
44548,1445
44611,1445
44659,1445
44669,1436
44801,1445
44831,1445
44832,1445
44868,1436
44882,1445
44888,1436
44955,1445
44960,1436
45079,1436
45120,1436
45198,1445
45203,1445
45204,1445
45251,1445
45276,1436
45292,1445
45302,1445
45373,1445
45384,1436
45444,1436
45448,1436
45487,1436
45562,1436
45588,1436
45613,1445
45729,1436
45737,1436
45831,1436
45857,1445
45888,1445
45924,1445
46071,1445
46073,1445
46091,1445
46092,1445
46116,1445
46176,1445
46183,1445
46229,1436
46305,1445
46343,1445
46369,1445
46374,1445
46468,1445
46512,1436
46520,1436
46589,1445
46598,1445
46600,1445
46718,1445
46749,1445
46750,1445
46768,1445
46778,1436
46818,1445
46883,1436
46885,1445
46897,1445
46905,1436
46913,1445
47037,1445
47134,1445
47137,1445
47154,1445
47161,1445
47238,1436
47239,1445
47248,1445
47296,1445
47298,1445
47406,1436
47466,1445
47477,1445
47508,1445
47575,1445
47582,1445
47640,1445
47757,1445
47767,1436
47782,1436
47807,1436
47813,1445
47839,1436
47854,1445
47870,1445
48032,1445
48097,1436
48119,1436
48151,1445
48178,1436
48179,1445
48251,1445
48263,1445
48290,1445
48356,1436
48362,1445
48367,1436
48404,1445
48408,1445
48416,1445
48431,1445
48456,1445
48485,1445
48514,1436
48576,1445
48583,1445
48637,1445
48670,1445
48673,1436
48698,1445
48725,1445
48742,1445
48746,1445
48764,1436
48774,1436
48782,1445
48805,1445
48897,1445
48906,1436
48952,1445
48977,1436
49038,1445
49184,1445
49210,1445
49239,1445
49276,1445
49353,1436
49407,1436
49459,1445
49465,1445
49482,1445
49498,1436
49561,1445
49576,1445
49603,1445
49629,1436
49685,1445
49697,1436
49700,1436
49705,1445
49711,1445
49764,1445
49786,1445
49805,1445
49956,1445
49985,1445
50023,1445