18,202
23,341
38,195
74,389
76,195
125,215
161,215
181,215
194,148
262,190
276,196
302,195
305,195
310,216
331,450
346,198
349,215
354,5188
372,215
412,148
416,198
438,1652
446,450
492,195
496,212
547,215
557,215
571,195
579,215
581,216
614,215
639,215
642,197
646,215
650,195
657,195
675,215
677,2227
710,450
712,198
725,450
745,195
746,148
755,1725
763,1664
777,215
778,1664
790,215
797,2227
832,212
840,198
879,215
889,190
917,342
932,348
946,215
985,195
998,215
1013,215
1018,202
1027,348
1053,213
1062,212
1065,215
1073,4775
1094,198
1101,1664
1106,1644
1107,215
1125,203
1152,190
1157,214
1169,195
1220,196
1224,215
1291,1614
1296,1664
1305,195
1317,1614
1318,215
1333,215
1339,5188
1377,343
1395,212
1400,198
1411,195
1437,198
1447,1614
1450,195
1455,215
1458,148
1507,195
1550,1614
1559,149
1621,215
1633,195
1640,1664
1641,149
1655,450
1677,195
1679,2227
1691,202
1694,215
1711,215
1733,195
1742,195
1749,148
1784,216
1823,195
1852,5188
1858,347
1901,214
1911,148
1917,195
1919,195
1925,215
1951,195
1977,215
1978,216
1987,215
1994,345
2002,4775
2009,198
2019,215
2053,216
2077,215
2098,1644
2101,342
2162,5188
2214,195
2250,216
2285,215
2333,212
2373,202
2386,195
2406,341
2409,212
2414,1606
2415,215
2431,215
2440,215
2452,196
2463,195
2524,195
2533,148
2545,215
2569,216
2579,215
2611,212
2626,215
2629,149
2684,215
2689,450
2713,196
2725,216
2733,215
2758,212
2818,215
2824,149
2848,215
2859,1664
2861,215
2869,216
2872,215
2877,195
2890,195
2893,216
2913,198
2936,348
2951,215
2961,4757
2965,198
2968,2228
3020,348
3051,450
3082,347
3146,198
3149,195
3161,215
3279,202
3299,215
3337,202
3343,215
3360,195
3378,198
3411,4757
3424,215
3448,148
3559,215
3592,215
3593,195
3607,215
3621,195
3623,196
3631,1614
3665,195
3683,348
3711,215
3721,195
3723,2631
3747,215
3811,202
3852,148
3901,200
3905,215
3918,149
3945,215
3985,212
4018,202
4036,4775
4136,215
4150,149
4151,195
4158,215
4212,198
4213,215
4239,4757
4291,215
4295,215
4305,4775
4337,215
4373,215
4421,258
4430,195
4449,450
4455,215
4509,348
4511,215
4542,4757
4578,215
4651,195
4659,5045
4675,149
4730,203
4737,202
4746,212
4781,215
4795,215
4796,215
4853,215
4858,216
4881,215
4899,215
4929,212
4942,347
4974,197
4978,198
4980,215
5024,200
5039,389
5040,196
5045,215
5086,215
5089,195
5137,215
5157,195
5162,212
5175,5188
5188,202
5208,215
5222,200
5224,215
5225,195
5229,198
5243,346
5270,213
5279,5045
5326,1647
5438,345
5450,202
5460,212
5527,195
5528,215
5547,348
5572,1664
5730,202
5752,195
5763,1664
5768,1614
5772,5188
5798,198
5802,215
5816,197
5825,190
5830,215
5876,215
5882,215
5893,216
5921,215
5926,1664
5930,202
5933,148
5941,215
5981,450
5985,195
5995,343
6015,195
6028,215
6032,1728
6048,198
6050,216
6088,1664
6104,1664
6145,195
6150,215
6165,1644
6180,197
6182,212
6210,1614
6232,212
6272,148
6331,1606
6338,215
6344,215
6350,1652
6354,148
6363,195
6371,215
6390,195
6433,200
6489,195
6507,348
6524,215
6532,215
6554,149
6558,5188
6605,195
6607,190
6638,215
6723,212
6736,215
6875,215
6882,195
6922,195
6939,215
6975,192
6980,196
6987,215
7012,348
7014,450
7037,195
7047,216
7075,195
7085,195
7103,148
7108,215
7122,196
7147,346
7150,195
7157,149
7188,215
7201,215
7231,347
7261,215
7263,190
7281,1614
7309,347
7324,212
7332,149
7337,215
7356,202
7422,216
7494,195
7498,1664
7506,347
7527,1664
7531,215
7534,215
7536,5188
7565,348
7581,215
7669,213
7761,197
7762,216
7785,198
7904,348
7950,197
7964,5045
7967,215
7977,347
7988,195
8006,215
8012,195
8075,195
8131,450
8180,195
8203,215
8220,2227
8242,342
8257,1664
8291,2631
8292,202
8319,202
8344,215
8365,149
8401,213
8416,4775
8423,148
8427,5188
8457,215
8509,215
8571,215
8581,195
8596,148
8606,202
8624,1614
8629,195
8639,202
8658,1651
8720,148
8753,215
8792,215
8798,1664
8804,195
8825,345
8831,195
8852,202
8919,195
8934,148
8939,215
8962,215
8971,342
9004,213
9012,348
9030,215
9033,148
9035,1664
9070,1644
9116,215
9133,215
9161,195
9205,450
9231,342
9239,195
9293,148
9322,5188
9332,1664
9347,1664
9368,1644
9380,1664
9396,212
9408,195
9418,195
9463,198
9465,1664
9492,215
9510,190
9519,195
9528,215
9554,202
9556,213
9583,212
9589,215
9700,5188
9719,348
9734,341
9736,195
9748,1614
9784,212
9802,200
9803,1664
9806,348
9812,215
9817,348
9828,198
9867,198
9883,2228
9902,348
9942,215
9946,1644
9951,200
9985,195
10032,148
10078,212
10108,348
10119,215
10154,212
10183,215
10241,200
10266,196
10276,5188
10279,195
10288,198
10305,195
10311,215
10324,215
10347,4483
10362,202
10406,215
10422,215
10468,215
10478,216
10488,195
10495,215
10502,2227
10531,2625
10542,215
10585,195
10600,347
10605,215
10612,195
10668,148
10673,196
10683,348
10720,215
10721,215
10722,213
10732,197
10743,1664
10783,148
10812,1614
10815,215
10852,215
10861,202
10864,215
10893,195
10938,215
10940,215
10950,202
10955,195
11019,195
11032,215
11042,195
11078,215
11138,216
11142,1615
11149,215
11164,215
11179,190
11180,347
11182,148
11200,215
11202,450
11208,215
11232,1664
11250,215
11251,215
11325,4757
11336,215
11360,1664
11418,195
11472,215
11493,5188
11498,215
11564,195
11572,347
11610,202
11614,215
11619,195
11620,215
11677,215
11692,215
11694,215
11742,148
11782,195
11786,197
11789,195
11827,215
11849,215
11866,215
11898,195
11903,215
11921,215
11934,212
11971,148
11975,450
11986,215
11997,195
12003,215
12006,195
12022,215
12039,348
12069,215
12078,342
12097,341
12113,215
12148,215
12164,212
12178,215
12207,148
12220,345
12247,450
12252,215
12269,215
12275,195
12283,215
12331,195
12353,195
12387,196
12477,1651
12487,1664
12508,345
12535,2227
12537,2227
12576,212
12578,215
12649,213
12659,343
12673,215
12681,215
12691,195
12696,1664
12710,5188
12715,195
12719,212
12731,1664
12740,195
12746,215
12777,195
12786,197
12842,2227
12873,148
12902,215
12917,197
12936,195
12943,216
12956,202
12968,148
12970,1614
12987,216
12991,215
12993,195
13006,215
13035,198
13037,202
13049,4757
13063,202
13144,195
13155,215
13167,195
13172,215
13197,215
13213,215
13216,215
13281,202
13283,216
13294,215
13303,215
13324,215
13344,1614
13353,215
13355,215
13384,215
13399,2227
13422,4789
13429,198
13431,148
13442,198
13444,215
13468,195
13476,215
13502,2227
13539,2227
13551,216
13564,149
13598,215
13638,215
13693,196
13695,1664
13726,195
13767,195
13773,148
13794,215
13817,347
13842,202
13846,198
13874,215
13926,202
13968,202
13990,195
14057,342
14070,1664
14089,4757
14097,2227
14113,216
14164,195
14178,215
14179,450
14220,197
14230,215
14231,216
14236,195
14248,348
14262,212
14287,198
14307,195
14332,148
14353,215
14378,205
14385,215
14405,215
14407,215
14416,213
14460,5188
14464,215
14465,215
14510,216
14511,348
14524,148
14528,190
14585,2227
14606,195
14607,202
14690,1664
14701,215
14708,215
14710,195
14714,347
14728,215
14740,1664
14745,195
14762,348
14799,195
14811,215
14821,195
14822,215
14846,197
14848,190
14857,342
14881,5188
14884,198
14906,450
14910,215
14915,195
14942,215
15005,215
15038,195
15052,197
15063,215
15086,198
15087,195
15094,450
15101,347
15110,215
15162,215
15219,216
15238,215
15247,215
15267,2644
15314,346
15341,202
15351,195
15383,348
15384,215
15400,215
15428,215
15429,450
15449,215
15457,148
15458,1664
15481,347
15482,148
15510,212
15512,215
15529,195
15544,202
15545,215
15554,215
15604,195
15629,202
15675,215
15706,215
15759,195
15775,195
15778,215
15785,198
15806,215
15812,215
15828,195
15867,215
15960,195
15992,148
16023,197
16026,215
16047,348
16055,149
16056,215
16065,215
16089,215
16144,450
16145,215
16167,198
16185,1651
16208,215
16249,213
16270,215
16280,149
16316,213
16321,5188
16329,348
16339,2228
16343,215
16358,215
16384,195
16395,215
16402,202
16406,348
16433,450
16467,215
16479,1614
16486,198
16503,1614
16512,4775
16521,348
16558,215
16566,215
16585,195
16594,215
16604,195
16669,215
16694,345
16696,195
16723,202
16767,196
16789,215
16794,215
16799,345
16870,1664
16875,215
16900,195
16958,215
16995,195
17019,215
17029,215
17054,5188
17069,198
17087,195
17095,214
17098,215
17116,4719
17127,215
17145,195
17192,216
17236,195
17242,190
17271,212
17294,215
17340,341
17351,342
17366,212
17396,195
17415,215
17504,348
17514,4757
17537,215
17543,215
17561,195
17587,345
17591,149
17624,148
17627,196
17629,215
17635,198
17647,348
17651,4483
17700,215
17723,346
17740,202
17753,216
17758,195
17777,215
17778,215
17784,195
17787,200
17812,215
17826,215
17845,148
17847,148
17935,1664
17937,450
17964,212
17987,215
18009,5188
18013,196
18031,1664
18077,215
18094,215
18096,1664
18126,215
18132,215
18138,348
18185,195
18208,215
18249,215
18276,215
18337,450
18358,450
18368,215
18384,215
18417,215
18452,202
18541,450
18577,1664
18578,148
18585,342
18592,195
18597,197
18612,148
18621,197
18622,215
18623,348
18631,198
18668,345
18676,195
18686,195
18693,195
18696,1647
18712,347
18733,148
18759,450
18787,190
18817,1614
18895,202
18897,450
18921,148
18923,348
18967,4775
18982,195
19008,1664
19022,195
19038,450
19071,190
19073,198
19107,198
19129,1614
19141,215
19162,195
19182,195
19207,216
19216,4719
19278,148
19285,216
19299,450
19306,1664
19317,348
19343,198
19350,213
19369,4483
19415,215
19416,215
19438,198
19439,216
19440,216
19458,202
19481,1664
19493,200
19505,2227
19524,215
19530,195
19555,215
19559,215
19595,200
19626,2227
19645,202
19661,215
19666,197
19668,212
19671,215
19672,202
19693,1614
19699,198
19751,195
19766,215
19778,195
19784,195
19823,4775
19893,195
19942,148
19970,4775
19996,149
20024,215
20027,215
20028,215
20032,215
20041,195
20060,195
20069,149
20081,200
20118,212
20140,212
20144,389
20157,215
20175,212
20204,148
20223,215
20256,195
20263,195
20276,148
20284,148
20288,212
20307,1664
20312,190
20314,1606
20319,215
20338,215
20410,195
20440,215
20473,215
20482,215
20511,450
20536,450
20556,215
20559,348
20574,213
20594,215
20616,195
20620,215
20638,215
20669,198
20672,195
20687,202
20730,348
20733,1614
20752,215
20760,215
20776,212
20798,215
20800,215
20803,215
20809,450
20902,197
20916,197
20917,195
20980,197
21030,195
21034,195
21039,215
21072,195
21081,346
21141,149
21167,195
21217,190
21232,4775
21235,215
21240,215
21262,2227
21275,148
21297,198
21315,198
21327,1664
21340,345
21445,195
21474,215
21515,195
21523,215
21562,202
21601,342
21607,1664
21626,341
21656,215
21692,215
21713,215
21748,195
21749,215
21753,215
21755,1664
21762,1647
21810,195
21811,196
21819,215
21849,213
21863,195
21893,348
21896,148
21908,450
21918,1664
21946,215
21972,1614
22015,202
22022,148
22084,1614
22199,196
22204,215
22230,2227
22253,195
22260,148
22291,215
22321,198
22361,195
22433,4775
22439,190
22454,195
22469,195
22492,190
22499,215
22506,197
22517,149
22535,348
22550,2227
22552,1664
22563,215
22572,346
22585,215
22600,215
22612,216
22616,200
22645,195
22667,195
22676,2227
22678,196
22712,215
22726,195
22730,215
22744,215
22762,215
22763,215
22782,1664
22797,348
22803,4757
22806,195
22814,148
22844,198
22846,215
22851,215
22854,215
22879,2625
22883,148
22892,195
22899,215
22902,215
22915,215
22920,215
22928,4757
22951,450
22969,215
23037,195
23048,4757
23050,148
23071,215
23080,2227
23116,1647
23124,1664
23155,148
23164,1644
23173,200
23201,1614
23237,148
23276,215
23279,215
23342,215
23379,215
23452,202
23469,202
23474,149
23498,450
23512,216
23521,202
23543,195
23550,202
23570,198
23578,149
23594,215
23604,348
23643,1614
23646,1725
23650,450
23685,195
23693,215
23736,148
23751,148
23781,198
23797,202
23813,1664
23815,195
23821,215
23860,1664
23907,4719
23919,195
23968,215
23984,215
23994,212
24046,195
24057,215
24072,345
24074,215
24082,1664
24121,198
24122,215
24178,450
24202,450
24228,1664
24246,215
24254,195
24287,1725
24290,198
24313,213
24373,215
24382,148
24388,215
24401,197
24424,198
24448,192
24454,215
24466,202
24481,198
24523,148
24587,348
24685,212
24766,4788
24773,345
24777,1644
24789,215
24811,202
24895,202
24940,1651
24959,215
25008,215
25025,215
25055,198
25081,215
25106,195
25115,148
25131,149
25133,215
25138,195
25146,148
25187,197
25189,215
25244,195
25247,1664
25264,195
25281,215
25317,202
25329,212
25344,215
25368,1664
25372,1664
25436,1644
25473,1614
25484,196
25498,202
25560,195
25573,215
25576,212
25580,200
25598,215
25634,1644
25641,198
25655,1664
25693,215
25703,215
25706,389
25709,216
25817,148
25822,202
25830,215
25838,149
25841,195
25873,215
25874,1664
25885,198
25897,215
25921,195
25923,215
25925,195
25948,215
25951,195
25965,215
25990,215
26030,148
26033,342
26037,215
26041,196
26054,198
26111,195
26144,216
26147,216
26155,215
26181,195
26207,215
26227,348
26248,202
26257,202
26276,1664
26344,215
26388,4775
26393,215
26433,196
26447,215
26460,1664
26482,1664
26489,215
26530,196
26538,200
26552,215
26567,2227
26581,202
26621,1664
26622,215
26625,450
26649,215
26663,215
26685,200
26707,195
26725,215
26754,1664
26765,215
26814,148
26820,215
26840,4757
26869,215
26875,195
26890,195
26899,215
26915,345
26950,215
26957,215
26967,216
26983,195
27004,215
27042,195
27054,1644
27056,215
27060,202
27085,215
27101,195
27103,1647
27130,216
27143,215
27161,215
27163,148
27168,348
27197,148
27209,198
27243,1664
27283,202
27304,215
27349,215
27360,195
27394,215
27416,5188
27423,215
27435,212
27441,196
27466,1644
27500,450
27517,149
27526,1614
27528,215
27531,149
27550,215
27563,197
27572,1664
27591,215
27616,202
27726,149
27750,200
27770,148
27771,215
27842,215
27853,215
27864,215
27868,343
27926,215
27966,198
27967,342
27968,215
28030,215
28032,346
28062,196
28066,348
28117,198
28150,2634
28180,215
28185,347
28191,195
28199,215
28222,215
28245,195
28275,195
28276,5045
28283,197
28307,195
28320,195
28341,195
28375,198
28400,195
28417,215
28428,197
28452,195
28471,215
28473,348
28503,195
28535,213
28552,4775
28652,148
28675,215
28684,212
28695,215
28707,215
28710,215
28736,202
28745,1664
28765,202
28780,346
28860,195
28865,200
28867,148
28885,215
28911,195
28945,342
28981,341
29004,215
29041,148
29046,348
29048,196
29064,195
29073,212
29080,148
29092,190
29119,1615
29183,198
29196,1664
29208,195
29225,342
29233,215
29242,215
29252,200
29258,196
29287,450
29297,215
29338,195
29351,195
29359,198
29368,195
29388,5188
29415,215
29424,198
29428,195
29431,149
29482,2227
29505,215
29517,202
29522,202
29526,4719
29539,341
29550,1664
29579,212
29592,198
29598,195
29606,195
29620,1664
29632,148
29661,200
29728,347
29733,1664
29736,195
29743,195
29760,343
29816,343
29817,215
29826,215
29882,215
29917,200
29919,215
29925,216
29947,1644
29958,202
30027,197
30109,195
30133,215
30145,215
30150,348
30199,195
30239,200
30255,215
30258,215
30268,215
30280,215
30318,216
30377,215
30388,5045
30392,195
30422,195
30490,215
30494,195
30503,195
30505,212
30507,198
30598,215
30654,1614
30682,1664
30703,202
30736,195
30743,215
30749,195
30766,213
30791,148
30812,197
30835,215
30844,450
30850,215
30914,215
30933,202
30953,195
30976,1664
30990,215
31056,215
31060,1614
31092,212
31124,198
31128,195
31278,195
31280,202
31293,215
31313,215
31320,1606
31331,195
31409,148
31444,215
31456,5188
31469,1664
31472,195
31480,198
31495,450
31501,215
31538,195
31546,195
31547,215
31555,195
31576,216
31596,215
31598,195
31615,5188
31622,215
31630,4719
31660,1664
31672,215
31689,215
31702,450
31714,195
31725,215
31740,212
31753,5045
31803,191
31836,215
31841,149
31852,215
31894,343
31902,215
31920,202
31932,215
31945,195
31978,1664
31992,195
32041,202
32078,2227
32104,215
32139,148
32153,213
32155,347
32157,215
32168,1664
32177,215
32206,215
32223,215
32234,215
32278,216
32301,190
32325,450
32327,215
32333,195
32336,1664
32387,215
32399,197
32423,215
32502,195
32536,195
32579,1664
32625,196
32652,195
32660,215
32687,348
32688,195
32718,215
32729,202
32739,148
32752,216
32775,202
32776,195
32790,5188
32820,4757
32828,200
32833,4483
32836,198
32837,212
32845,4775
32851,1664
32856,195
32869,1614
32925,198
32967,345
33027,149
33031,1614
33046,195
33162,212
33188,149
33191,2227
33200,202
33201,4719
33226,215
33230,1614
33233,197
33251,346
33252,190
33313,215
33356,215
33376,195
33408,215
33416,215
33438,215
33440,198
33450,213
33454,215
33460,215
33495,215
33523,195
33555,5045
33557,195
33613,1664
33638,198
33657,195
33668,5188
33676,1651
33689,343
33690,215
33717,195
33758,195
33795,202
33799,348
33803,196
33811,195
33813,215
33835,149
33841,215
33844,1614
33853,190
33864,215
33879,195
33912,196
33923,190
33924,148
33946,215
34128,190
34132,1606
34137,212
34224,215
34275,195
34411,215
34416,197
34452,202
34492,450
34570,195
34575,2228
34611,1664
34675,216
34688,215
34714,202
34730,212
34778,148
34795,195
34800,215
34826,389
34840,215
34865,5188
34887,1664
34889,215
34897,450
34945,149
34947,1651
34974,202
34982,348
35004,196
35010,148
35011,2227
35018,215
35052,348
35053,202
35123,450
35154,215
35156,195
35159,215
35190,215
35215,215
35229,348
35272,215
35422,5188
35429,195
35446,215
35476,195
35500,190
35507,215
35521,215
35565,215
35652,196
35653,346
35670,215
35677,215
35724,195
35736,212
35745,215
35747,215
35752,148
35800,215
35806,213
35823,215
35857,389
35860,346
35863,198
35871,1615
35908,215
35927,215
35947,195
35951,148
35959,198
36007,198
36030,198
36046,215
36061,198
36067,215
36072,347
36084,196
36103,195
36113,215
36126,215
36154,1664
36158,215
36166,215
36233,195
36252,1664
36255,345
36262,215
36279,215
36282,215
36289,216
36298,215
36323,1614
36330,195
36335,195
36390,215
36393,389
36419,215
36424,2227
36441,4719
36451,195
36487,1651
36507,195
36513,190
36519,215
36551,215
36572,215
36613,215
36615,215
36651,1664
36669,202
36726,346
36735,212
36767,450
36799,215
36813,215
36910,2227
36919,215
36993,215
37012,215
37017,1614
37028,216
37049,1606
37058,149
37104,348
37133,198
37140,215
37165,215
37181,4775
37227,198
37235,347
37238,2227
37239,1614
37247,190
37257,195
37267,1614
37287,215
37303,215
37309,195
37316,215
37339,148
37357,1664
37359,215
37360,1664
37373,195
37415,215
37427,196
37464,215
37466,1664
37479,195
37487,215
37496,348
37499,195
37505,4757
37521,148
37540,1614
37605,198
37665,202
37677,1664
37691,215
37694,215
37696,2623
37719,191
37734,215
37735,148
37814,198
37818,148
37827,215
37846,148
37877,215
37909,213
37917,215
37928,346
37950,195
37959,5147
37973,1664
38001,195
38022,343
38032,215
38040,202
38059,200
38065,195
38077,216
38086,198
38123,343
38128,212
38140,1614
38146,4775
38156,215
38158,215
38204,1664
38223,195
38232,215
38237,450
38260,215
38275,216
38277,198
38308,215
38309,148
38354,215
38367,1664
38373,196
38388,5188
38437,195
38450,215
38455,213
38466,216
38483,215
38513,345
38571,348
38586,198
38629,215
38654,215
38659,215
38725,216
38730,212
38739,198
38759,347
38781,1644
38798,1664
38799,190
38802,198
38806,1614
38815,1614
38821,215
38832,342
38849,212
38896,348
38956,215
38963,215
38992,341
38993,202
39007,347
39008,149
39045,450
39097,215
39127,215
39128,214
39137,345
39149,5188
39154,215
39156,195
39161,148
39176,215
39188,4775
39211,195
39214,2227
39231,213
39287,195
39290,200
39309,195
39322,215
39350,2227
39370,215
39398,5188
39402,348
39403,215
39444,346
39455,215
39494,215
39496,195
39498,215
39515,216
39537,215
39543,348
39547,215
39554,202
39556,195
39610,216
39611,148
39615,195
39644,212
39647,215
39674,1664
39682,195
39686,215
39695,215
39718,389
39728,215
39770,195
39779,215
39805,215
39862,1664
39867,195
39877,1651
39905,215
39964,198
40001,202
40071,347
40081,196
40085,342
40114,195
40127,195
40153,216
40182,215
40202,198
40227,341
40268,215
40320,216
40379,148
40393,342
40426,202
40470,195
40476,215
40508,215
40546,195
40576,195
40584,342
40589,215
40648,348
40649,348
40704,215
40707,215
40715,195
40733,215
40747,198
40752,195
40757,212
40793,202
40797,450
40807,215
40814,215
40818,215
40826,215
40827,215
40859,215
40886,346
40961,215
40984,202
40989,5188
41019,215
41045,215
41051,342
41074,215
41150,200
41158,190
41181,195
41197,1652
41202,2644
41229,215
41230,1664
41235,215
41242,212
41252,1728
41273,215
41275,215
41276,450
41278,215
41285,215
41322,195
41331,348
41341,148
41342,216
41351,4757
41364,148
41388,348
41399,195
41431,196
41447,215
41459,198
41460,343
41462,215
41463,215
41471,214
41512,198
41537,195
41550,215
41558,198
41572,195
41601,195
41619,216
41661,148
41662,215
41707,215
41747,215
41764,450
41765,215
41788,148
41891,195
41895,215
41902,215
41947,215
41958,213
41964,195
41992,195
42007,215
42079,149
42099,1664
42108,5188
42111,215
42115,203
42193,2228
42210,200
42251,215
42271,215
42295,1664
42317,347
42358,195
42384,215
42390,215
42399,215
42420,148
42440,215
42446,215
42453,215
42479,195
42527,198
42537,4775
42566,215
42571,348
42576,215
42593,202
42604,149
42608,202
42621,149
42625,215
42644,215
42658,198
42670,216
42678,215
42688,215
42730,148
42739,215
42749,195
42771,450
42792,2227
42842,216
42845,195
42849,2644
42852,196
42858,212
42877,215
42885,1652
42944,1664
43024,148
43035,202
43039,215
43113,5188
43115,195
43133,196
43141,215
43148,149
43154,215
43174,1664
43191,215
43195,216
43212,212
43229,213
43230,198
43265,389
43269,1644
43314,213
43333,215
43354,197
43358,198
43372,198
43381,1664
43455,348
43492,148
43503,215
43515,215
43523,148
43532,1664
43537,198
43591,215
43592,215
43603,348
43608,215
43612,1664
43638,348
43655,215
43664,195
43679,4823
43687,197
43698,215
43712,215
43764,148
43771,5045
43775,197
43799,214
43802,198
43829,215
43844,148
43862,5188
43947,215
43965,2227
43983,148
44002,4775
44006,347
44047,197
44083,212
44116,202
44127,215
44157,2227
44160,4757
44169,4757
44201,202
44234,1615
44241,2227
44253,195
44257,215
44319,215
44344,1664
44353,195
44372,215
44432,202
44441,195
44459,195
44473,216
44537,1664
44545,195
44560,215
44589,148
44607,215
44658,195
44697,198
44743,215
44761,215
44770,215
44782,215
44785,215
44803,347
44809,213
44815,215
44817,215
44830,215
44856,195
44893,202
44895,213
44898,215
44951,215
44953,203
44954,215
45002,195
45047,195
45067,215
45080,215
45088,215
45103,1614
45104,215
45110,450
45157,450
45164,212
45166,215
45168,195
45211,200
45274,1664
45278,202
45286,195
45303,346
45314,213
45324,195
45328,215
45342,195
45369,195
45410,215
45414,4789
45429,252
45480,202
45503,215
45505,215
45513,196
45525,4757
45544,195
45556,215
45580,198
45582,215
45601,389
45614,215
45651,215
45658,195
45678,197
45694,215
45724,450
45732,215
45738,215
45749,216
45751,200
45785,4719
45799,149
45804,202
45849,215
45863,215
45867,1644
45869,215
45911,345
45927,202
45929,343
45940,389
45943,195
45960,200
45984,195
45990,215
46111,195
46163,215
46186,215
46207,345
46222,190
46235,214
46239,215
46240,197
46268,215
46283,1664
46290,195
46337,215
46351,196
46361,215
46389,215
46417,195
46421,215
46440,2227
46472,200
46479,195
46495,149
46517,195
46543,195
46560,148
46648,195
46660,450
46664,215
46797,202
46814,198
46850,215
46902,195
46910,212
46947,215
46949,215
46961,216
46979,215
46980,148
46997,198
46999,192
47018,1664
47068,215
47078,1614
47098,202
47101,1664
47111,198
47130,347
47177,215
47191,190
47237,195
47240,346
47284,195
47295,1614
47321,202
47323,195
47337,5188
47349,195
47382,149
47414,195
47417,215
47421,215
47426,345
47450,195
47483,215
47487,5045
47507,2227
47515,215
47529,195
47558,195
47560,215
47615,148
47645,190
47658,2227
47663,148
47668,215
47682,341
47693,215
47718,149
47802,348
47803,4775
47820,1664
47826,5188
47828,348
47833,196
47855,215
47864,200
47888,148
47889,348
47898,348
47917,195
47930,215
47933,450
47971,1614
47975,215
47983,215
48021,215
48028,215
48038,215
48053,195
48068,149
48088,215
48108,215
48110,198
48121,195
48145,149
48155,215
48173,215
48186,148
48189,348
48196,198
48220,148
48234,215
48248,5188
48271,215
48282,4719
48289,450
48309,348
48372,2227
48376,215
48412,195
48458,215
48468,215
48484,202
48489,198
48501,200
48508,215
48539,215
48546,215
48549,190
48565,195
48574,2227
48591,1664
48599,346
48617,346
48642,348
48652,215
48683,213
48704,215
48724,5188
48893,203
48910,198
48925,149
48962,202
48976,215
48985,389
48997,215
49011,212
49064,215
49072,215
49075,213
49090,195
49106,215
49112,198
49132,1664
49143,215
49145,4775
49152,195
49156,202
49189,342
49194,215
49197,348
49214,450
49220,346
49238,215
49245,196
49278,196
49293,197
49294,341
49347,348
49357,215
49392,215
49398,1664
49406,215
49467,1644
49479,148
49508,196
49533,195
49535,4788
49541,215
49560,215
49625,215
49635,342
49638,1664
49668,2227
49674,215
49686,1664
49692,1664
49704,5188
49708,195
49712,195
49713,215
49749,1606
49777,215
49778,215
49810,215
49830,1615
49836,215
49851,215
49856,450
49858,215
49872,198
49878,215
49902,195
49950,450
49954,195
49960,195
49968,215
49970,215
49977,215
49978,195
50045,215
50049,215
50051,450
50055,212