1202	177388	16	302 536 4 1048 556 127 43 40 9 84 42 58
2009	85367	16	347 803 26 543 1086 141 368 153 355 267 269
383	146052	16	121 103 211 549 779 4 104 407 22 24 64 29 192 280
266	153461	16	211 549 779 270 697 697 64 51 40
399	209094	16	98 0 731 1004 1220 4 102 96 266 97 48
383	94719	16	211 549 779 249 212 104 407 22 24
150	93997	16	495 84 55 1086 575
140	12322	16	18 51 40 0 4 211 549 779 84 55 211 549 779 382 801
246	217140	16	43 40 177 178 211 45 779 41 44
2009	61025	16	133 139 50 23 347 803 26
2009	170893	16	43 46 133 139 773 23 543 1086
4764	161160	16	43 40 46 267 269 183 184 25 557
150	64883	16	156 422 575 43 40 359 1086 575
266	186876	16	211 549 779 249 212 495 64 53 143 4 37
399	181602	16	43 40 101 48 98 0 731 1004 1220 4 26 4 534 533 100 546
1202	58612	16	205 19 285 133 1219 443 1048 556
2009	21553	16	205 19 267 269 773 23 347 803 26 141 368 153 355
386	237098	16	779 575 36 34 122 37
383	115477	16	211 549 779 4 2381 2382 211 26 55 474 473 104 407 37
383	7979	16	211 45 779 249 212 4 104 407 22 24
1202	18061	16	285 1219 443 1048 556
266	148726	16	22 433 16 317 451 14 15 12 16 4 64 130 128 211 212 822 12 17 64 190 26 47 50 822 12 43 40 208 236 153 221
383	16171	16	211 549 779 4 26 38 407 404
1202	115392	16	106 133 1048 556
2009	90907	16	205 19 267 269 773 23 347 803 26 543 1086
2011	73695	16	773 23 347 803 26 543 1086 153 355 633 62 97 522 110
384	167613	16	211 45 779 36 34 16 125 292 293 300 37
399	48644	16	62 97 65 48 98 0 211 212 731 1004 1220 4 26
266	153176	16	205 19 705 236 50 314
1202	40182	16	131 1000 54 65 25 10 190 302 536 1219 121 26 4 10 190 576 31 12 645 525 334 294 67 9 84 42 64 43 40 153 313
266	152276	16	0 5 705 236 42 47 50 57 105 12 17 64 609 143 43 40 399
2009	206222	16	267 662 773 23 347 803 26 543 1086
384	165399	16	211 45 779 166 108 0 4 60 63 402 714 198 2558 1448 782 435 403 62 292 293 300 402 699 16 125 17 590 108 403 150 0 52 144 62 14 15 16 125 280
2009	82383	16	267 269 347 803 26 543 1086
1202	244001	16	1048 556 43 40 285
400	141568	16	2381 2382 51 40 339 646
2009	92516	16	121 103 211 45 779 43 40 23 267 269 347 803 26 543 1086 4 456 368 33 103
2009	8209	16	205 19 267 269 211 549 779 543 1086
2011	20494	16	347 803 26 43 40 522 110
150	31946	16	205 19 1006 199 1086 575
266	203951	16	51 40 64 211 45 779 249 212
1202	111224	16	341 763 404 12 18 51 40 17 222 0 60 1048 556
2011	11181	16	347 803 26 543 1086 62 97 65
140	232863	16	211 549 779 60 63 605 207 57 398 67
386	132501	16	43 46 122 1086 575
2009	13437	16	43 40 133 139 543 1086 4 773 23 153 355
400	62319	16	43 40 2381 2382 211 26
266	51407	16	245 99 39 38 35 12 533 728 1102 667 25 11 2 290 289 12 155 211 38 100 67
400	45392	16	51 40 64 2381 2382 211 26
2009	16628	16	133 139 347 803 26
383	131286	16	0 99 5 211 45 779 104 407 4 22 24
2009	213267	16	205 19 267 269 347 803 26 141 368 153 355
1202	146405	16	1219 121 30 537 55 1048 556 10 190 818 368 18 196 106 201 142 40 326 9 84 42 58
150	251887	16	1086 575 62 97 359
266	14504	16	14 15 609 143 205 19 705 236 155 47 50 49
383	222825	16	560 626 211 45 779 104 407 22 24
397	147411	16	211 549 779 919 1426
387	49587	16	779 575 64 51 40
383	114329	16	14 15 211 45 779 104 407 22 24
383	10394	16	211 549 779 249 212 26 38 104 407
266	228298	16	43 40 432 211 212 298 155 47 50
266	45597	16	0 64 47 50 49 12 43 40 298 155 211 212 49 67
2009	221559	16	23 476 267 269 154 358 199 141 368 153 355
266	124488	16	43 40 178 155 39 38 35 445 25
383	197642	16	14 15 211 549 779 104 407
383	150920	16	14 15 211 549 779 104 407 22 24 29 192
383	4088	16	64 17 64 211 45 779 104 407
383	52452	16	14 15 211 549 779 249 211 43 40 534 533 104 407
1202	167221	16	302 536 530 1748 176 43 40 276 64 17 60 464 1048 556
1202	38253	16	14 15 1214 1048 556 43 40 84 188
2009	42033	16	205 19 267 662 773 23 347 803 26
1202	158819	16	1048 556 43 40 285 133
2009	122096	16	543 1086 141 368 153 355 205 19 133 139
386	166480	16	580 579 4 779 575 12 23 122 384 37
395	182005	16	1086 575 4 66 190 608 55 502 447 64 432 360 359 328 193 1171 528 37
245	209680	16	211 45 779 36 34 60 63 50 314 37
383	25348	16	4 305 347 54 0 312 429 67 277 190 211 549 779 201 62 43 40 364 55 66 190 20 12 414 413 104 407 550 0
2009	192489	16	43 40 267 269 364 23 347 803 26
399	90742	16	205 19 101 48 731 1004 1220 4 26
2011	165859	16	62 97 522 110 347 803 26 543 1086 103 367 633
245	43238	16	211 549 779 60 63 17 67 50 314
266	97476	16	205 19 432 211 212 26 178 155 47 50
1202	110909	16	106 201 1048 556 51 40 328 367 23 42
2009	57893	16	347 803 26 543 779 43 40 267 269
1202	187739	16	0 1219 121 67 66 190 26 43 40 84 55 1048 556
140	62103	16	1086 575 382 801
383	83648	16	211 549 779 249 212 104 407 804 660
140	26543	16	211 549 779 382 801 297 1299
2009	145335	16	267 269 211 212 141 368 153 355
2011	154686	16	347 803 26 543 1086 43 40 522 110 20
266	238236	16	609 143 822 43 40 298 155 211 212 67
4764	59233	16	14 15 249 25 43 40 267 269
1202	41232	16	154 41 1219 443 1048 556 42 58 103 389
399	99087	16	144 147 360 359 287 771 12 268 248 101 48 731 1004 1220 4 26
383	138728	16	121 103 95 14 15 211 45 779 249 212 4 104 407 22 24 64 29 192
2009	145744	16	121 550 0 109 773 23 347 803 26 543 1086 267 662
386	114768	16	1086 575 23 122 37
1202	225100	16	1157 306 60 307 344 294 4 1048 556 62 97 285
384	59261	16	211 45 779 60 63 4 41 44 36 34 590 108 42 292 293 300 40
395	195247	16	0 4 1086 575 18 51 40 197 8 447
383	240252	16	211 45 779 104 407
386	220336	16	1086 575 205 19 122 384
2009	47450	16	135 64 305 347 14 15 65 276 64 55 347 803 26 141 368 153 355 139 44 12 17 99 57 141 368 153 355
266	67127	16	43 40 109 47 50 100 178 155 211 212 100
383	144267	16	211 45 779 104 407 22 24
2009	226450	16	267 269 543 1086 141 368 153 355
383	23074	16	43 40 39 211 549 779 104 407
246	223223	16	14 15 211 45 779 4 521 178 41 44
383	250130	16	14 15 163 259 211 45 779 249 212 4 104 407 22 24
266	196390	16	0 43 40 109 211 212 100 178 155 47 50 100
245	46516	16	211 45 779 268 248 60 63 50 314
2009	144453	16	43 40 109 364 23 543 1086 267 662
1202	234810	16	1048 556 62 97 65 36 34 57
2009	79369	16	347 803 26 543 1086 43 40 267 269
2009	184368	16	43 40 133 139 347 803 26 153 355
140	220359	16	193 117 211 549 779 43 40 316 35 12 439 329 329 29 4 10 639 382 801
266	171798	16	43 46 109 211 212 49 4 504 503 178 18 506 212 49
266	29141	16	34 132 64 57 1123 211 212 4 12 201 62 43 40 46 45 23 298 155 47 50 4
2009	40878	16	211 212 41 44 141 368 153 355 43 40 133 139
266	196935	16	43 40 249 212
2009	29977	16	205 19 267 269 773 23 543 1086 141 368 153 355
1202	203381	16	1048 556 51 40 328 367 42
266	165656	16	0 5 705 236 155 47 50 49
266	134778	16	211 212 43 40 178 47 50
397	79136	16	211 45 779 919 1426
383	90922	16	71 5 39 211 45 779 104 407 22 24
4764	156924	16	43 40 109 183 184 25 557 267 67
266	86807	16	0 5 432 609 143 211 212 705 236 42 47 50 667 25
266	224436	16	0 5 47 50 12 43 40 64 211 212 67
387	121069	16	0 4 1086 575 43 40 573 57
266	216124	16	142 190 58 54 64 129 132 980 131 134 211 212 57 4 201 62 36 34 178 18 0 190 26 57 4 37 0 71 5 506 212
150	25467	16	14 15 201 176 359 1086 575
140	169154	16	0 99 359 190 211 549 779 4 382 801 12 55 51 40 156 158 37
386	7730	16	0 1231 4 1086 575 23 122 37
2011	126208	16	14 15 773 23 153 355 633 62 97 65 522 110
383	211324	16	205 19 534 533 211 45 779 104 407
387	569	16	779 575 36 34 341 51 40 57
1202	236152	16	818 368 1006 199 4 1048 556 62 97 732 285
2011	122150	16	211 45 779 347 803 26 43 40 522 110
266	189055	16	51 40 64 211 549 779 249 212
383	227995	16	211 549 779 891 649 4 104 407
1202	79422	16	211 549 779 1219 121 4 2 26 222 4 188 17 42 64 51 40 630 629 568 330 224 54 4 12 9 55 330 190 305 347 54 36 34 312 429 163 66 190 148 128 145 146 40
266	72805	16	245 221 64 211 212 49 5 178 506 212 49 43 40 178
1202	181501	16	1048 556 43 40 106 201
266	244526	16	53 52 156 4 10 190 211 549 779 43 40 57
266	232261	16	0 64 506 212 4
383	36583	16	53 64 211 549 779 104 407
2009	246675	16	205 19 267 269 347 803 543 1086
386	12430	16	1086 575 122 384
266	29609	16	211 45 779 64 51 40 20
1202	108798	16	276 846 769 121 103 0 62 14 15 163 259 300 16 199 42 4 1048 556 235 78 17 193 12 71 5 316 35 10 424
395	200406	16	211 549 779 1086 575 4 55 502 447
387	243419	16	779 575 43 40 573 57
399	224749	16	62 305 347 16 12 268 248 516 731 1004 1220 4 26 534 533
246	186680	16	43 40 177 178 211 45 779 130 128 41 44
400	105624	16	302 536 530 188
386	71447	16	0 4 779 575 17 23 57 67 12 43 40 299 386
383	238069	16	55 211 549 779 104 407 22 24 37
266	66087	16	0 201 62 598 599 39 38 35 12 1388 17 211 212 67 43 40 705 236 504 503
266	17631	16	0 64 5 47 50 43 40 298 155 211 212 67 20
2011	223800	16	43 40 522 110 141 368 153 355 651 899
2009	53880	16	205 19 267 269 773 23 104 407
1202	83685	16	154 41 1219 30 537 1048 556 43 40 9 84 42 58
2009	147654	16	773 23 347 803 26 543 1086 267 269
150	125806	16	779 575 205 19 580 579
266	46531	16	205 19 432 211 212 49 236 155 47 50 49
266	22799	16	211 212 43 40 705 236 47 50
4764	121732	16	183 184 25 557 267 269
266	11404	16	0 201 62 64 211 212 49 504 503 99 178 155 47 50 49 504 503 12 506 319 205 19 316 35
383	140446	16	211 549 779 249 212 104 407
2011	52409	16	36 34 522 110 141 368 153 355 41 44 37
1202	136262	16	1219 443 1048 556 205 19 285
150	240218	16	580 579 235 84 55 359 42 1086 575
383	205755	16	121 103 211 45 779 104 407 22 24 64
2011	147251	16	543 1086 141 368 153 355 522 110 62 10
2009	174637	16	43 40 267 662 364 23 347 803 26
2011	196110	16	205 19 522 110 773 23 543 1086
266	185491	16	43 40 432 211 212 49 705 236 18 47 50
383	192141	16	208 211 45 779 26 38 104 407
383	168377	16	211 549 779 4 104 407 22 24
2009	203713	16	0 17 99 206 347 803 26 543 1086 456 368 516 98 100 94 24
386	242148	16	0 359 4 779 575 23 122 59 221 37
387	243986	16	1086 575 64 51 40
266	107002	16	43 40 236 155 506 212 49
266	75782	16	43 40 178 155 47 50 280
266	122199	16	39 66 503 38 35
2009	38936	16	43 40 267 269 211 549 779 141 368 153 355
4764	91680	16	17 543 446 346 42 183 184 25 557 43 40 133 139
383	147631	16	211 549 779 104 407 22 24 55 37
150	134226	16	1086 575 580 579 17 67
2011	106499	16	121 103 773 23 347 803 26 141 368 153 355 651 899 43 40 522 110
266	118954	16	521 178 47 50
266	134801	16	205 19 109 0 4 362 361 705 236 155 47 50 49
400	155913	16	14 15 154 41 131 1000 54 302 536 530 188 142 40 365 464 422 535
1202	66425	16	0 302 536 530 188 4 12 43 40 17 222 0 505 1048 556 20
395	209802	16	611 302 783 236 1086 575 55 502 447 29 326
266	80106	16	62 22 433 16 43 40 109 130 128 317 451 178 18 190 26 47 50
383	98056	16	121 103 53 52 211 549 779 4 26 38 104 407 64 29 192
397	35134	16	51 40 64 211 549 779 919 1426
266	77537	16	211 549 779 58 105 64 51 40
2009	170595	16	267 269 543 1086
400	251042	16	60 63 2381 2382 64 51 40 339 646
2009	127967	16	43 40 133 139 347 803 26 543 1086 153 355
400	167550	16	43 40 341 2381 2382
266	95500	16	60 63 211 212 298 155 0 5 39 38 35 365 102 96
1202	203071	16	0 5 285 1219 443 1048 556
246	102976	16	211 549 779 166 108 4 211 212 41 44 23 177 178 37
266	208364	16	0 5 109 211 212 178 18 47 50 0 141 136 5 39 38 35
266	89682	16	53 52 55 190 211 45 779 249 212 220
266	161252	16	0 201 62 4 211 212 100 12 205 19 178 155 506 212 100
4764	143358	16	267 269 183 184 249 25
4764	93444	16	25 557 183 184 43 40 267
2011	119599	16	43 40 522 110 33 103 651 899
266	117549	16	211 549 779 249 212 845 291
266	197848	16	43 40 432 211 212 100 178 155 47 50 49
1202	238222	16	836 1007 1219 443 1048 556 106 201 43 40 84 55 42 58
383	164383	16	14 15 211 549 779 127 104 407 22 24
383	149955	16	534 533 211 549 779 104 407
266	71253	16	211 45 779 249 212 64 51 40
266	88376	16	205 19 109 211 212 178 155 47 50
386	30258	16	1231 4 1086 575 23 122 37
2009	90411	16	43 40 267 269 127 773 23 347 803 26 543 1086 127 4 456 368 33 103 516 153 355
399	69652	16	43 40 534 533 98 0 731 1004 1220 4 26
4764	237110	16	0 64 609 143 12 99 5 267 269 183 184 25 557 151 23
2009	145196	16	43 40 267 662 773 23 347 803 26 543 1086
140	222654	16	211 45 779 382 801
266	18286	16	432 211 26 705 236 42 0 5 39 38 35
2009	166692	16	1148 52 267 269 773 23 104 407 347 803 26
1202	184932	16	302 536 1048 556 84 42 58
2009	7251	16	17 71 5 347 803 543 1086 141 368 1169 117
387	93021	16	1086 575 43 40 57
266	166819	16	43 40 705 236 155 211 212 49
384	193339	16	1148 52 17 64 292 293 300 40
386	167403	16	452 121 1086 575 122 384
266	178580	16	211 212 57 51 40 211 549 779 37
384	244693	16	43 40 109 211 212 41 44 60 63 42 292 293 300
266	136551	16	43 40 298 153 39 38 35 4 26
2011	80677	16	773 23 543 1086 43 40 522 110
140	82851	16	0 99 359 211 549 779 4 382 801
2009	118776	16	267 269 456 368 33 103
383	190676	16	211 45 779 104 407 22 24 54 237
386	39829	16	211 45 779 575 205 19 122
1202	169116	16	43 40 285 133 14 3301 642 1048 556
1202	8071	16	211 549 779 302 536 2381 2382 176 43 40 285 133
1202	101251	16	1157 306 60 334 294 1048 556 84 222 0
266	235073	16	0 245 221 5 266 423 102 96 43 40 298 155 0 5 211 26
266	33209	16	121 103 14 15 16 43 40 806 211 212 49 208 298 18 47 50 49 20
1202	90274	16	285 133 1219 443 1048 556
1202	41139	16	1219 121 30 537 1214 1048 556 84 42
266	200933	16	1390 1408 43 40 178 155 39 38 35
266	18566	16	211 212 205 19 521 178 47 50
266	181400	16	43 40 109 0 4 504 503 236 155 47 50 49
4764	67965	16	43 40 267 269 183 184 25 557
383	80652	16	14 15 211 549 779 104 407 804 660
1202	34468	16	302 536 1048 556 106 201 106 42 97 65
140	192345	16	211 549 779 382 801
383	36993	16	211 45 779 104 407 22 24 29 192 12 53 318 321 37
266	5024	16	43 46 521 236 155 0 5 39 38 35
1202	198992	16	211 549 779 2382 176 106 201
150	225709	16	779 575 205 19 360 359
1202	124018	16	1048 556 43 40 17 23 106 201
387	184912	16	211 549 779 127 1086 575 64 51 40
2011	234617	16	773 23 347 803 26 62 97 65 522 110
266	53870	16	0 4 14 15 58 54 129 132 64 131 134 62 211 212 57 12 201 62 0 99 141 136 47 50 57 12 43 40 208 236 20
150	232227	16	0 4 1086 575 84 55 43 40 359
1202	129967	16	60 307 285 1048 556
2011	79385	16	773 23 347 803 26 543 1086 12 43 40 522 110
266	113317	16	43 40 432 211 212 49 208 155 47 50 49
2011	127241	16	522 110 33 103
245	243549	16	211 45 779 60 63 50 314
2011	131686	16	43 40 109 773 23 543 1086 4 103 389 522 110 521 178 66 95
266	226013	16	0 5 432 211 212 26 178 155 47 50
2011	122269	16	205 19 522 110 347 803 26 543 1086 103 367 633
140	42225	16	211 549 779 10 190 382 801 78 235 528 4
2009	39162	16	205 19 133 139 773 23 347 803 26 543 1086 141 368 153 355
1202	50038	16	60 307 2182 14 642 1048 556 12 144 147 334 294 67 12 43 40 285 280
1202	162221	16	0 4 240 642 1048 556 266 97 67
2009	215450	16	773 23 347 803 543 1086 43 40 267 269
266	173803	16	0 34 132 64 211 212 49 12 201 62 99 47 50 12 84 55 521 178 504 503 4 171 100
383	17004	16	211 549 779 104 407 22 24 64 29 192
266	184443	16	43 40 55 211 26 298 155 47 50 49
266	248538	16	235 40 46 705 236 47 50
2009	57779	16	773 23 153 355 43 40 133 139
1202	132387	16	0 62 154 41 131 1000 54 65 25 1219 121 208 2382 176 65 25 43 40 17 23 106 201 280 166 108 106 201 1048 556 124 126
150	43964	16	1086 575 43 40 1006 199
387	177908	16	1086 575 43 46 573 57
399	90909	16	98 0 731 1004 1220 4 26 4 534 533 100 546
383	171278	16	43 40 534 533 211 45 779 104 407
1202	203996	16	302 536 199 1048 556 62 97 65 106 201
266	64132	16	51 40 64 211 549 779 545 117 57 105
266	51350	16	0 99 103 66 95 14 15 211 549 779 43 40 57
2009	32301	16	347 803 26 43 40 267 269
2009	5339	16	141 368 153 355 43 40 343 417
266	194417	16	205 19 705 236 155 47 50 49 504 503
386	8385	16	360 359 4 779 575 36 34 122 37
266	131292	16	0 201 62 64 211 212 49 43 40 178 155 47 50 49
266	171540	16	705 236 42 47 50 49
150	148467	16	1086 575 834 817 359 62 97
386	188012	16	0 580 579 1086 575 344 329 329 12 0 99 122 384 43 40 452 121
266	6148	16	43 40 573 57 211 549 779
2009	66395	16	267 269 347 803 26 153 355
2009	206526	16	211 549 779 347 803 26 43 40 267 269
266	44059	16	521 178 18 47 50 49
1202	194549	16	135 64 302 536 307 31 10 190 1048 556 106 201 67 12 442 294 319 42 67 12 235 84 42
383	5442	16	211 45 779 4 104 407 22 24
266	91551	16	135 64 1387 205 127 211 212 49 362 361 705 236 155 47 50 49
150	21080	16	71 5 4 64 1086 575
383	218371	16	211 45 779 104 407 22 24 64 29 192 20
2009	196720	16	0 17 71 5 773 23 153 355
266	15277	16	43 40 806 211 212 49 208 298 18 47 50 49
397	163463	16	211 549 779 919 1426 287 771 55 97 424
386	42967	16	0 1231 67 344 329 329 642 4 1086 575 23 122 37
2011	61326	16	773 23 347 803 26 43 40 522 110
400	184916	16	0 62 211 549 779 16 2381 2382 211 26 43 40 39 17 42 67
140	221472	16	245 58 54 4 211 549 779 317 17 16 12 64 84 55 673 382 801 37
2009	11043	16	205 19 267 269 347 803 26 543 1086 141 368 153 355
1202	133839	16	1219 443 1048 556 106 201
383	161194	16	205 19 534 533 211 549 779 4 104 407
266	66180	16	0 99 109 47 50 178 155 211 212
2009	77548	16	0 5 267 269 50 23 347 803 26
383	102684	16	211 45 779 26 38 104 407
1202	32889	16	0 99 285 1219 443 1048 556
266	41574	16	211 45 779 43 40 57
1202	132931	16	10 190 818 368 60 63 714 1242 334 294 1546 1568 62 97 106 201
2009	80464	16	43 40 267 269 50 773 23 347 803 26
383	236083	16	121 103 211 45 779 4 104 407 22 24 64
245	44858	16	62 211 45 779 16 268 248 60 63 50 314 41 44 149 121 766 327 550 551 343 388 149 731 614
266	210965	16	705 236 47 50 504 503
140	51190	16	18 51 40 211 549 779 360 359 17 67 382 801
266	184977	16	43 40 705 236 155 211 212 26
266	203766	16	0 64 609 143 43 40 236 110 0 64 47 50 49
150	43452	16	359 779 575 296 192 29 192
1202	190868	16	1219 121 30 537 466 455 818 368 106 201 51 40 328 367 42
266	107868	16	0 99 177 178 155 190 26 211 212 12 43 40 316 35 20
247	232232	16	305 347 291 42 14 15 380 41 95 273 67 66 190 211 549 779 12 60 63 67 211 212 41 44 12 432 97 65 36 34 90 417
140	84707	16	211 45 779 382 801 360 359
383	243659	16	14 15 211 549 779 249 212 104 407 22 24
1202	184598	16	84 222 1048 556
1202	86040	16	14 15 4 1048 556 18 19 84 42 58
266	200834	16	208 47 50 49
2009	243875	16	133 139 543 1086 153 355
266	75442	16	211 212 49 43 40 705 236 18 47 50 49
150	189472	16	205 19 360 359 779 575
4764	12962	16	183 184 25 557 43 40 267 662
1202	104173	16	240 642 618 201 51 40 328 367 42
383	39005	16	55 211 549 779 4 104 407 22 24
383	26850	16	205 19 534 533 211 549 779 270 697 697 4 104 407
266	60598	16	205 19 705 236 190 26
245	159794	16	211 549 779 60 63 50 314 124 126
1202	57040	16	43 40 301 408 1219 121 55 1546
2009	30493	16	23 550 0 109 773 23 543 1086 267 269 37 13 153 680 4 103 389 55 328 367 17 441 494 617
266	196353	16	0 43 40 109 47 50 504 503 236 155 211 212 504 503
4764	23686	16	183 184 25 557 62 97 65 133 139
395	37544	16	580 579 4 1086 575 84 55 67
2009	93695	16	43 46 267 269 773 23 347 803 26 543 1086 98 47 50 49 456 368 33 103 651 899
2009	93303	16	205 19 267 662 773 23 347 803 26 543 1086
2009	218086	16	305 347 16 43 40 316 35 133 139 543 1086 141 368 153 355
266	152345	16	205 593 705 236 155 47 50
383	100074	16	211 45 779 127 64 28 33 53 37
383	89679	16	39 252 954 211 549 779 249 212 104 407 22 24
1202	194302	16	1048 556 106 201
387	90316	16	51 40 64 1086 575
150	72435	16	62 97 65 360 359 1086 575
266	90196	16	34 132 58 105 64 211 212 41 44 12 201 62 5 60 47 50 41 44 12 121 103 43 40 299 386
2009	224751	16	0 142 471 17 71 5 773 23 347 803 26 12 121 109 773 23 347 803 26 267 662
266	113002	16	205 19 432 609 143 705 236 42 47 50 362 361
266	164065	16	205 593 109 276 527 178 18 198 38 39 38 35
1202	193134	16	211 549 779 106 201 17 42 58
400	90481	16	51 40 64 60 63 2381 2382
383	131241	16	211 45 779 104 407 26 38 55 37
383	247047	16	43 40 208 155 211 45 779 26 38 104 407
387	128043	16	779 575
266	39028	16	205 19 705 236 0 64 47 50
2009	159042	16	121 17 5 57 347 803 26 676 0 153 104 26 12 30 17 30
1202	154429	16	1219 121 818 368 199 333 329 642 154 41 106 108 1048 556 42 83 42 131 1000 54 65 285 12 84 55 285 133 4 171 100
1202	120735	16	302 536 55 1546 4 818 368 43 40 496
399	160370	16	101 48 98 0 48 1004 1220 4
1202	123524	16	0 4 1219 121 30 537 333 329 642 2382 176 43 40 9 84 42
150	241114	16	141 836 609 259 1086 575 1194 141 836 609 259 401 3 556 1086 575
383	215468	16	211 45 779 928 104 407
266	214051	16	705 236 42 506 212 49
247	206445	16	276 64 55 26 21 22 24 206 18 131 134 341 58 12 0 142 65 17 71 5 304 205 19 267 269 211 212 41 44 12 142 190 41 44 84 55 114 115 117 8 12 150 64 55 481 29 525 478 341 58 131 134 21 222 0
1202	36973	16	765 127 0 4 14 642 1048 556 39 17 42 67
399	146629	16	731 1004 1220 4 26 432 97 48
1202	55061	16	1157 306 60 307 344 294 4 1048 556 43 40 285 133
1202	160142	16	302 536 530 2382 176 106 201 43 40 17 42 58
266	13858	16	0 99 178 155 211 212 26 198
266	165371	16	0 129 132 64 211 212 26 12 201 62 99 178 155 190 26 4 12 43 40 705 236 504 503
2009	204430	16	133 139 773 23 347 803 26 153 355
140	152924	16	211 45 779 382 801 43 40 496
383	67848	16	211 45 779 127 4 104 407 127 54 237
1202	113776	16	60 576 285 1048 556 12 205 19 285
247	123399	16	0 357 294 62 211 549 779 16 312 429 67 14 15 163 259 211 26 12 36 64 0 201 62 99 11 2 39 38 35
266	175430	16	0 201 62 64 609 143 4 822 245 12 0 5 705 236 155 190 26 47 50 4 822 245
247	217143	16	211 549 779 16 60 63 4 41 44 43 40 90 417
386	241888	16	1086 575 382 801 333 329 329 190 1194 344 329 329 568 329 642 382 801 127 23 17 23 122
387	101000	16	1086 575 55 51 40 35 57
266	231367	16	14 15 211 549 779 249 212
4764	91685	16	133 139 183 184 25 557
150	91871	16	580 1086 575 62 97 65 580
2009	140044	16	543 1086 153 355 62 43 40 267 269
140	219086	16	211 45 779 382 801 55 97 424
2009	211462	16	23 550 0 109 773 23 543 1086 267 269 37
150	208650	16	1086 575 17 5 441 29 43 40 360 359
266	86942	16	121 103 211 549 779 249 212 64 14 15 4 128 404 37
1202	192105	16	1219 443 1048 556
266	217153	16	0 64 609 143 43 40 298 155 47 50 49
1202	27719	16	0 1219 443 67 12 205 19 285 1048 556
246	199029	16	211 549 779 41 44 268 248 177 178
266	168245	16	205 19 432 211 212 49 298 155 47 50 49
383	240356	16	211 549 779 249 212 4 104 407 62 97 534 533 20
150	150951	16	0 71 5 359 211 549 779 4 779 575 12 185 17 67 384
383	124815	16	208 211 549 779 26 38 104 407
150	181802	16	43 46 1006 199 779 575
2009	81985	16	211 549 779 16 25 4 347 803 26 543 1086 43 40 267 662
4764	78745	16	205 19 133 139 183 184 25 183
266	79151	16	43 40 705 236 211 26
386	242164	16	14 15 779 575 1044 31 316 35 154 41 208 58 344 329 329 642 12 71 5 122 153 12 121 222 378 343 388
266	145658	16	0 4 211 549 779 43 40 57
266	68910	16	43 40 705 236 504 503 12 0 5 47 50
395	165240	16	53 143 4 1086 575 12 364 55 66 294 55 502 447 37
266	160153	16	43 40 208 236 18 190 26 47 50
384	51470	16	211 549 779 205 19 62 14 15 516 292 293 16 16 125
2009	112394	16	121 103 205 19 267 269 773 23 347 803 26 543 1086
1202	182427	16	205 19 285 1945 1219 443 1048 556
140	175294	16	0 5 360 359 211 549 779 382 801
386	75880	16	0 344 329 329 642 4 1086 575 23 122 37
2009	37008	16	267 269 773 23 543 1086
266	154212	16	43 46 432 0 64 609 143 236 155 47 50 49
1202	108425	16	0 4 302 536 1048 556 84 42 58
2009	175828	16	43 40 109 773 23 543 1086 267 662
266	31968	16	205 19 171 113 39 38 35