1209	124686	63	9 36 34 755 188 37
4612	197362	63	9 483 525 9 23 755 37
4506	118826	63	755 384 43 40 9
1756	189330	63	487 44 66 998 29 192
1212	138303	63	1090 71 57 188
1666	166640	63	66 447 29 544 328 123
1755	248101	63	755 384 410 447
4625	213828	63	23 755 29 192 188
1212	13760	63	235 755
4634	154208	63	387 384 305 306 207
1756	26408	63	755 384 487 44 29 192 188
1752	222696	63	18 51 40 755 384 197 452 121 124 126
4612	235391	63	36 34 181 755 37
1756	155027	63	755 387 487 44 29 192
1209	233571	63	23 17 23 755
1667	97471	63	14 15 30 755 9 384 525 189 751 197 356 355 37
1217	201164	63	0 9 384 124 126 43 40 234
2099	161062	63	0 99 66 411 632 9 483
1216	201998	63	14 15 30 755 23 302 447 9 384 37
1756	87942	63	487 44 29 192 66 190 608
1752	190900	63	51 40 68 649 95 197 755 384 452 121 124 126
2083	49904	63	0 5 9 384 39 17 42 408 191
1212	101426	63	240 243 30 755 62 97
1755	251646	63	296 219 36 34 302 73 447
1665	67420	63	14 15 755 188 23 106 132 9 384 37
1212	167059	63	0 99 755 14 455
1750	165559	63	205 19 267 269 387 384
4612	112282	63	9 67 9 23 755 37
4642	5503	63	133 139 755 384 452 121
1666	88445	63	0 4 9 384 720
4647	48208	63	9 384 1848 1028
2214	53403	63	0 99 178 829 485 828
4501	178911	63	18 51 40 106 132 9 17 67 384
1212	1850	63	205 19 181 411 755 384
1209	187797	63	0 36 34 755 37
1209	201874	63	699 155 610 23 755 37
1666	59667	63	0 62 53 52 14 15 30 755 755 67 384 12 0 99 48 48 9 384 720 12 150 64 0 201 62 21 193 34 525 39 17 42 142 190 301 266 4 194 191 67
1212	170770	63	0 43 40 755 188
1756	170951	63	30 755 5 29 192 487 44
1212	173369	63	201 62 23 755 384 37
4629	169179	63	0 55 755 384 37
1216	30971	63	17 318 321 43 40 9 14 15 30 755
1217	223664	63	14 15 30 755 9 17 67 384
1756	145746	63	240 243 30 755 12 344 329 329 329 642 487 44 64 29 192 188 66 294 280
1668	104371	63	350 443 176 43 40 528
4612	82766	63	9 398 9 36 34 62 755 574
4669	136125	63	755 188 104 407
1666	61948	63	29 326 528 66 447
1213	126538	63	755 384 12 595 44 100 546
4647	237241	63	1848 447 9 384
1666	36958	63	9 384 447 572
1209	7514	63	14 15 30 755 114 115 430 117 8 12 9 23 452 121 37
1212	113743	63	14 15 30 755 124 126 525 29 326 45 23 181 411 452 121
1668	147343	63	790 447 333 294 43 40 234
1756	151479	63	14 15 755 188 487 44 29 192
4612	100891	63	9 384 525 9 36 34 755 384 37
1670	32103	63	290 678 387 384
4501	208165	63	106 132 9 188
4647	215414	63	452 121 1848 447 9 384
1668	164433	63	790 447 197 1858 117 1128 369 37
4634	20661	63	71 5 38 245 207 37
4612	245109	63	9 398 45 23 181 755
1756	163472	63	142 190 487 44 235 528
1752	105245	63	452 121 755 384 124 126
1671	84687	63	205 19 106 1232 189 751
1752	129903	63	43 40 755 188 17 117 8
4654	43724	63	48 17 48 1487 41
4628	50809	63	755 384 114 115 328 123
4641	205753	63	106 188 9 384 305 306 207 64 29 192
1215	171562	63	106 132 251 510 85 483 43 40 528 305 306 207
1214	81135	63	14 15 30 755 412 190 608 9 301 266 135 23 755 59 221 37
1217	27588	63	526 294 9 384 124 126 43 40 234
4651	73790	63	41 44 36 486 37
1752	202703	63	18 51 40 17 23 452 121 755 384
4612	33898	63	9 483 525 9 36 34 755 384 37
7833	160121	63	9 384 17 67
1756	15625	63	14 15 30 755 4 487 959 29 192
1752	152905	63	895 328 268 248 452 121 14 15 30 755
1665	181642	63	18 51 40 17 23 106 9 384
1209	157885	63	0 36 34 452 121 387 384 37
4651	133645	63	14 15 30 755 486 1628 37
1752	157895	63	18 51 40 452 121 17 67 387 384
1209	93083	63	699 715 333 15 43 40 387 384
1755	250545	63	66 998 23 755 29 326
1756	98363	63	487 44 66 294 29 192
1214	245416	63	755 384 129 525 9 23 755 37
1216	213742	63	53 52 14 15 30 755 43 40 9 384
1209	160896	63	36 17 36 34 755 188
4614	50215	63	43 46 452 121 755 188
1209	8197	63	610 1156 5 29 75
4636	7359	63	487 44 235 528
4501	188219	63	36 34 106 132 9 384 244
1756	94539	63	487 44 219 40
1756	45941	63	53 52 487 44 29 192
1666	123153	63	14 15 30 755 4 9 384 720 447
1668	220030	63	36 17 36 34 790 447
1212	110939	63	14 15 163 259 16 4 14 15 755 188 62 97 65
1212	67992	63	14 15 30 755 17 23 452 121
4654	7181	63	71 5 101 1487 41 37
1750	101951	63	14 15 30 755 43 40 267 269
4636	141656	63	610 44 29 192
4501	116254	63	14 15 30 755 106 132 85 483
4501	186567	63	18 51 40 17 23 106 132 9
1668	188842	63	790 447 66 294 43 40 234
4506	183377	63	14 15 30 755 55 97 424 9 384 100 546
1752	79973	63	18 51 40 755 17 67
4634	235333	63	71 17 71 5 107 207
1209	195048	63	387 384 43 40 387
1670	236565	63	14 15 30 755 43 40 290 678
1752	128155	63	55 189 751 268 248 755 384
1209	123944	63	30 387 37
1756	200824	63	55 487 44 37
1666	86200	63	9 384 720
1214	31003	63	14 15 30 755 64 476 623 1139 29 1140 755 384
1752	166113	63	55 189 751 43 40 755 17 59 221
1212	93881	63	14 15 36 34 755 188 37
4506	39577	63	36 34 154 41 9 384 37
1213	19022	63	755 384 4 595 44 100 546
1755	170237	63	296 544 36 34 755 29 326
1752	130363	63	0 43 40 387 17 67 384
1209	72099	63	333 439 519 23 17 23 755 384
4506	15684	63	0 9 384 334 447
1756	36089	63	14 15 30 755 487 44 29 192 280
1209	106880	63	755 384 55 51 40 5 47
1752	60890	63	9 384 67 18 196 17 23 755
1670	4091	63	43 40 290 678 14 15 30 755
1750	69726	63	43 40 267 269 142 190
1755	218196	63	18 51 40 364 23 302 344 447
1752	207686	63	18 51 40 755 384 17 155 151
1752	135885	63	18 51 40 0 17 23 452 121 387 384
1209	205190	63	755 17 755 199 42
1755	211130	63	9 384 36 34 302 447 37
4612	134735	63	106 132 9 384 36 34 181 755 37
1209	53879	63	699 155 610 36 34 755 384 37
1209	127040	63	29 75 36 34 755 384
1752	113182	63	18 51 40 0 57 17 67 14 15 30 755
1671	148733	63	84 55 189 751 43 40 234
1755	168448	63	18 51 40 364 55 344 447
1218	215268	63	18 51 40 9 384 124 126
1209	75422	63	43 40 45 23 755 42 384
1212	148047	63	30 755 62 97 65
1752	218887	63	43 40 55 189 751 755 17 67
4641	29298	63	106 132 9 384 305 306 207 64 29 192
1665	13771	63	765 12 106 132 9 384 9 107 525 25 487 44 37
1750	188516	63	43 40 267 269 30 755
4636	73835	63	66 190 608 9 29 192
1214	221339	63	9 301 266 135 23 755 59 221 37
4641	232161	63	106 132 9 384 43 40 595 528
4625	89112	63	755 66 455 36 34 37
4625	83637	63	18 196 84 55 189 751
1665	102918	63	43 40 106 132 9 17 67 384 67
4629	45027	63	0 55 97 424 387 384
1752	62200	63	0 18 51 40 17 23 755
1758	90602	63	14 15 30 755 895 699 193 117
1217	104837	63	9 384 124 126 43 40 234
1209	146548	63	755 384 68 649
1212	2249	63	9 23 755 37
4636	75267	63	302 447 29 192
4614	92851	63	14 15 30 755 408 191 62 97
2214	70533	63	205 19 521 236 829 485 828
4506	117411	63	121 103 62 97 65 9 384
1212	561	63	14 15 30 755 43 40 57 17 67
1755	76407	63	18 51 40 17 23 302 431 277 447
1750	34338	63	36 34 267 269 37
1666	199912	63	9 384 328 123 29 326
1756	219940	63	30 755 487 44
1212	159455	63	84 193 117 14 15 30 755 5 43 40 193 117
1755	216754	63	296 29 23 302 29 192 447
1668	211553	63	790 447 67 9 23 755 37
1668	17790	63	790 447 66 294 454 197 726 725 1487 41 37
1209	159554	63	181 411 755 188
1666	239699	63	447 572 29 326
4647	196786	63	36 34 1848 1028 73 294 9 384 37
1215	216134	63	106 132 9 384 305 306 207 43 40 595 528
4501	226680	63	43 40 17 23 106 132 9 384
1750	104098	63	267 269 755 188 151 23
1209	18699	63	387 384 5 47
1752	27846	63	268 248 452 121 755 384
1756	240002	63	53 52 142 190 387 384 487 44 29 192
4636	99041	63	755 66 455 66 190 608 487 44 29 192
1668	39848	63	790 447 532 411 43 40 197 43 40 46
1209	15717	63	84 715 333 15 36 34 387 384 37
4616	3161	63	14 15 30 755 64 51 40 228 478
4660	83118	63	26 338 650 195 124 126 43 40 234
1212	68907	63	142 190 36 34 755 188
1671	60364	63	106 189 751
1755	119958	63	296 29 23 755 73 190 608
1756	251732	63	720 487 44
1756	205830	63	29 192 487 44 66 294
4506	23972	63	1163 755 1163 9
4612	216102	63	9 398 67 9 36 34 755 37
4625	181243	63	0 36 34 755 29 192 188
1752	150472	63	18 51 40 0 55 189 751 755 17 67
1212	223237	63	142 190 228 478 36 34 755 188 37
1665	135869	63	36 34 251 384 9 37
1750	86539	63	36 34 133 139 755 384 37
4615	179131	63	71 5 106 438 51 40 401 1087
1216	198220	63	36 34 302 447 37
1212	238955	63	23 755 0 78 188 37
1212	180430	63	14 15 30 755 62 97 65 452 121
1752	105277	63	0 43 40 755 17 42
1752	2832	63	379 9 398 755 384 12 43 40 135 755 384 124 126 67 20
1750	246998	63	205 19 290 678 14 15 30 755
1666	157135	63	9 384 5 29 326
1666	126606	63	51 40 328 367 9 188
4660	220284	63	26 338 250 7 8 17 67
4636	242979	63	36 302 29 192 447 9
4625	180026	63	205 19 452 121 189 751
4647	201986	63	36 34 156 1028 9 384 37
1666	28937	63	412 190 608 73 54 9 384
1750	202618	63	133 139 14 15 30 755
1214	68402	63	9 483 525 9 23 181 755 188 37
1756	170943	63	755 384 4 487 44 64 29 192
4660	210034	63	26 338 250 7 17 117 8
4618	113464	63	189 751 36 34 2013 69 573 57 37
4629	32258	63	101 17 42 0 4 755 384 450 369
1215	128078	63	106 132 9 384 207 57
1665	30586	63	85 483 106 132 85 483 36 34 1956 605 29 192 487 44
4654	45616	63	16 1487 41 37
4641	161021	63	106 132 9 384 55 84 55 487 44
2214	153822	63	43 40 236 829 485 828
1666	209508	63	9 384 720 447
4636	109778	63	296 29 302 73 447
1665	235107	63	205 19 106 132 9
4647	215323	63	23 156 1028 9 384 37
1668	98316	63	36 34 790 447 66 190 608 37
4644	90962	63	464 384 71 5 29 326
1214	238722	63	9 483 525 36 34 181 755 384 37
1756	64360	63	755 384 487 959
1665	85772	63	97 732 36 34 106 132 9 384
4628	147120	63	755 384 114 968 5 29 326
1212	119585	63	43 40 755 4
1756	14434	63	344 447 487 44
1752	40001	63	18 51 40 755 188 17 67
1752	185955	63	0 43 40 755 17 67 188 280
1752	128728	63	43 40 452 121 17 67 755 384
1752	16967	63	43 40 755 17 67 280
1209	202861	63	333 439 519 36 34 755 37
1212	171624	63	43 46 755 188
4629	122846	63	0 4 58 460 62 97
1666	167063	63	14 15 30 755 9 384 720
1209	145823	63	387 384 610 1156 572 559
1671	78567	63	36 34 106 189 751 37
1217	8907	63	106 132 9 384 124 126
1752	114120	63	14 15 30 755 755 17 67 188 280 175 9 483 67
1752	24450	63	18 51 40 0 9 483 755 384 67 152 17 23 62 755
1756	97484	63	487 44 20
4618	201027	63	9 384 398 9 23 755 37
4614	26470	63	9 36 34 755 384 37
1756	171223	63	487 44 29 192 188 280
4506	190881	63	36 34 1163 755 1163 9 37
1218	248839	63	9 384 67 12 188 520 398 67 12 18 196 166 108 520 384 124 126
4621	127062	63	189 751 17 23 57
1668	247861	63	790 447 66 294 55 726 725 37
1212	113205	63	0 99 755 188
4636	174759	63	412 294 4 487 44 64 29 192
4647	88142	63	9 384 36 34 1848 525 37
1212	64431	63	9 483 525 36 34 181 755 37
1212	26482	63	5 43 40 45 23 193 117 14 15 30 755
4654	164120	63	101 33 1487 41 37
1667	241758	63	189 751 84 356 355
4614	156320	63	43 40 452 121 14 15 30 755 4
4654	141020	63	101 17 101 1487 41
1212	143488	63	121 103 43 40 452 121 30 755
4644	170430	63	452 121 755 384 5 29 326
1755	154539	63	36 34 302 447 574
1665	32418	63	14 15 30 755 23 106 132 9 384 37
1212	145273	63	43 46 755
4612	205750	63	14 15 30 755 755 384 1140 427 55 572 559 37
1212	68653	63	14 15 30 755 43 40 301 408
1209	108391	63	699 155 610 755 188
1756	102867	63	610 487 44 29 192
1755	230733	63	364 23 302 344 447 37
1209	212859	63	610 1156 71 5 29 75
4647	127676	63	23 1028 66 294 9 384 37
4660	192481	63	26 338 268 248 250 7
1756	210116	63	755 188 4 487 44 64 29 192
1756	20131	63	755 66 455 66 190 608 29 192 487 44
1214	200078	63	251 9 398 67 45 23 755 37
2083	227902	63	9 384 62 97 65
4625	37295	63	43 40 101 33 189 751
1209	248685	63	610 1156 29 75 36 34 452 121
1670	61185	63	290 678 66 95 58 54
1212	188039	63	387 344 455
2099	223220	63	14 15 30 755 36 34 66 411 632 9 483 37
1752	85078	63	18 196 0 17 23 387 384
1756	115600	63	755 66 1501 487 44 29 192
1752	210877	63	0 43 40 17 23 755 188
4501	213612	63	18 51 40 0 17 23 106 132 9 384
4647	251008	63	36 34 1848 447 9 384 37
1752	160034	63	755 384 452 121 124 126 235 153 313
1752	46554	63	18 51 40 17 23 755 384 67 20
1210	48293	63	23 755 73 903 687 188 342
1209	208808	63	861 105 23 755 37
4669	34593	63	55 84 55 26 38 6 7
1752	229892	63	18 51 40 0 755 17 42 384 20
4636	204153	63	64 346 294 107 207 37
2083	232508	63	0 5 9 188
2099	235758	63	9 384 85 483
1210	46111	63	296 219 189 751 64 29 192
1212	222189	63	0 17 450 4 62 14 15 97 65 755 384 67
1752	156077	63	129 132 36 34 755 201 62 755 17 67 67
1218	206228	63	43 46 412 411 175 9 384 124 126
1752	84688	63	18 51 40 0 17 23 452 121 67
4618	36684	63	189 751 17 23 2013 69 573 57 37
1218	112012	63	432 132 294 42 442 294 66 249 9 384 17 16 64 43 40 153 313
1212	103036	63	364 23 57 14 15 163 259 755 384 37
1749	155909	63	18 51 40 17 23 456 368 9 384
1212	125912	63	14 15 30 755 43 40 452 121
1752	231413	63	18 51 40 0 17 23 755 384 67
1757	186667	63	14 15 30 755 197 16 1487 41 37
4625	95347	63	18 51 40 189 751 142 40 192
1752	113431	63	18 51 40 17 95 384
1212	145257	63	14 15 163 259 16 36 34 755 384 37
4614	191676	63	755 188 36 34 37
1214	124016	63	879 306 755 384
1213	233767	63	14 15 30 755 207 959
1209	115200	63	29 192 519 36 34 755 384
1752	47638	63	14 15 30 755 18 51 40 755 384 124 126
1752	149216	63	0 43 40 755 17 42 188
1666	92626	63	755 188 51 40 328 367 9
1755	175116	63	9 384 71 5 29 326
4636	173552	63	121 103 487 44 29 192
1212	51940	63	53 52 142 65 36 34 755 188 37
1212	104571	63	43 46 45 23 755 42 188
1756	98573	63	412 294 487 44 29 192
1668	16888	63	23 17 23 156 1028 66 294 9
4634	217125	63	755 384 71 5 305 306 207 37
1668	69062	63	14 15 30 755 790 447 197 55 51 40 726 725
1756	171045	63	14 15 755 188 487 44 64 29 192
1666	54793	63	755 67 29 326 9
1757	176073	63	387 384 16 1487 41 37
1752	145316	63	277 411 755 384 124 126
4636	45655	63	487 44 29 192 20
1755	9568	63	23 755 29 326
1756	192977	63	66 190 608 487 44 29 192 20
1756	170171	63	14 15 30 755 487 44
1665	138859	63	14 15 30 755 36 34 106 132 9 384 37
4612	251086	63	9 398 9 23 181 755 37
1752	101727	63	18 51 40 0 201 62 452 121 755 384 755 17 67 67
1212	109930	63	43 40 45 23 193 117 14 15 30 755
4501	123795	63	205 19 106 132 9 483 387 384
4636	115523	63	610 487 959 29 192
4636	141298	63	387 384 487 44 64 29 192
1671	192410	63	205 19 106 219 189 751
1665	150750	63	23 17 23 66 411 632 9 384
1756	120135	63	66 455 487 44 29 192
4614	47397	63	43 46 39 42 14 15 755 188
4647	108169	63	9 384 23 1848 447 37
1213	203119	63	14 15 30 755 487 44 64 29 192 342
1756	186571	63	14 15 755 188 487 44 43 40 528
1752	33239	63	55 189 751 43 40 755 17 67
4654	8766	63	101 48 1487 41 37
1756	4748	63	66 455 642 66 190 608 487 44 64 29 192 188
4654	248743	63	1487 41 101 33
1209	50286	63	9 384 398 155 525 12 43 40 755 384 124 126 67
1668	78603	63	790 447
4628	178520	63	51 40 328 367 464 384
1752	62922	63	55 189 751 755 17 67 384
1752	176281	63	189 751 57 17 67
1670	127232	63	43 40 290 678 14 15 30 755 58 105
4644	196304	63	142 190 114 115 71 5 29 326
1756	107513	63	487 44 29 192 43 40 528
1748	232882	63	64 2013 69 573 57 37
4647	14806	63	9 384 1848 447
1665	105448	63	43 40 36 34 106 132 9 384
1212	124630	63	755 188 222 0
1752	18742	63	14 15 755 188 755 17 67
1671	193194	63	30 755 189 751 106 1232
1212	98467	63	235 755 384
1209	216049	63	333 224 519 36 34 387 37
4618	151480	63	106 132 9 384 525 9 36 34 755 37
1752	208234	63	43 40 755 384 755 17 67
1209	32595	63	333 14 519 36 34 755 37
4654	10223	63	755 384 101 1487 41 37
4501	176527	63	106 132 9 384 55 350 443 176 37
1756	51637	63	487 44 29 188
1668	194126	63	790 447 487 44 43 40 528
1755	202291	63	296 29 36 34 302 73 447
4643	134811	63	452 121 29 326 42 58
1668	124032	63	790 447 66 294 84 313 220
4641	222671	63	106 132 9 384 487 44 43 40 107 133
1212	91353	63	43 40 452 121 189 751
1752	138866	63	452 121 17 67 387 384
1209	225778	63	29 192 519 36 34
1756	139114	63	30 755 4 487 44 64 29 192
4641	210849	63	106 132 9 384 305 306 207 43 40 528
2099	194693	63	17 23 66 411 632 9 398 37
1752	164763	63	755 384 18 196 84 117 8
4669	20426	63	14 15 30 755 26 38 22 24 29 192
4641	2867	63	106 132 9 384 64 476 55 350 443 176
4634	212988	63	5 29 192 305 306 207
4614	77302	63	14 15 163 259 755 384
1209	170456	63	14 15 36 34 387 384 37
4625	182279	63	0 36 34 755 29 192
4654	70686	63	101 1487 41 574
1752	61175	63	43 40 452 121 17 67 387 384
4618	196953	63	306 755
1756	212424	63	412 447 9 29 192
4647	72350	63	64 476 36 34 1848 447 9 384
1666	75582	63	0 4 9 384 328 123
1215	38789	63	14 15 30 755 9 384 205 19 595 528 207 57
2214	244029	63	205 19 236 312 829 485 828
1756	122960	63	14 15 487 44 29 192
4629	128855	63	387 384 816 460
1666	188884	63	9 384 720 73 78 132 9 384
1216	232317	63	755 188 43 40 9
1213	138746	63	14 15 30 755 4 487 959 64 29 192
4629	114042	63	755 384 450 369
4642	161535	63	17 755 67
1752	85961	63	18 51 40 755 384 17 67
1212	17401	63	43 40 190 755 248
1212	14816	63	0 755 532 455
4660	27642	63	26 338 650 195 17 155 151
1214	22450	63	9 483 67 9 23 181 755 37
1216	120621	63	0 432 14 15 30 755 65 755 188 67 12 43 40 9
1212	225135	63	9 483 129 525 36 34 879 306 755 37
1668	50615	63	14 15 30 755 790 447 66 294
1209	8401	63	84 38 35 36 34 755 37
1212	188643	63	43 40 755 188 280
4647	119886	63	9 384 36 34 1848 447 37
4625	200342	63	189 751 18 51 40 142 40 225
1671	227156	63	43 40 106 189 751
4660	77276	63	26 338 650 195 17 16
4616	45715	63	142 64 51 40 228 478
4625	251892	63	23 755 344 455 37
4501	48945	63	14 15 30 755 106 132 9 384
1217	226345	63	43 40 9 17 16
1214	194996	63	200 202 251 510 9 398 12 45 23 755 95 66 1140 13 9 64 969 9 66 1140 12 135 23 181 411 755 384
1756	138010	63	642 412 294 487 44 29 192
4501	113813	63	36 34 106 132 85 483 37
4647	249485	63	23 17 23 1848 447 9 384
1752	231975	63	18 51 40 201 62 175 64 755 384 124 126 4 67
1752	233335	63	9 384 525 17 23 755 384
4642	195150	63	133 139 189 751
4625	224733	63	189 751 29 192
4654	204912	63	197 101 1487 41 37
1756	210535	63	64 29 192 487 44
1752	54130	63	14 15 30 387 201 62 18 51 40 268 248 452 121
1213	191889	63	121 103 14 15 30 755 487 959 64
1218	34274	63	9 384 18 51 40 276 64 124 126
1752	93711	63	18 51 40 755 17 42
4612	178959	63	9 483 525 23 879 306 755 37
4618	43683	63	64 2013 69 189 751 37
5241	15262	63	460 1140 572 189
1752	233539	63	18 51 40 755 17 59 221
1212	94723	63	43 40 46 45 23 755 188
1212	53864	63	14 15 30 755 205 19 11 2 452 121
4647	29446	63	9 384 36 34 1848 1028 330 294 37
1756	84874	63	66 190 608 29 192 487 44
7833	225077	63	18 51 40 9 17 67 384
1212	215192	63	755 384 5 51 40 305 306
1752	134089	63	895 328 17 23 452 121 755 384
4506	211166	63	36 34 532 447 66 470 9 37
4615	44653	63	861 105 23 387 384 37
1212	146037	63	0 5 387 384
1756	138339	63	720 487 44 43 40 528
1212	240783	63	51 40 328 367 23 755 384
1212	2206	63	43 40 193 117 14 15 30 755 151 23
1752	164589	63	755 384 17 117 8
1752	18981	63	18 51 40 0 4 755 384 452 121 124 126
1668	191398	63	790 447 43 40 299 386
1214	217307	63	17 23 532 1140 66 470 755 37
1209	86315	63	755 188 71 5 51 40 68 649
4647	37448	63	36 34 638 532 294 9 384 37
1752	72342	63	18 51 40 0 755 17 42 188
1756	39095	63	66 455 642 66 190 608 29 192 487 44
1209	143734	63	43 40 36 34 755 384
2083	141958	63	36 34 57 154 41 9 384 37
1752	251560	63	18 51 40 0 4 755 384 683 684 20
1756	45236	63	66 455 29 192 487 44
1757	38594	63	53 52 16 1487 41 37
1755	27346	63	23 302 29 192 447 9 384
1752	223046	63	18 51 40 17 23 755
1666	174898	63	9 384 720 64 51 40 328 367
1671	221720	63	106 1232 189 751
4636	29437	63	487 959 43 40 528 4
1752	39072	63	18 51 40 0 755 17 67 188
1750	46372	63	267 269 387 384 151 23
4625	43507	63	142 190 23 755 29 192
2099	218648	63	43 40 251 510 9 483
1213	30609	63	14 15 30 755 4 487 44 64 29 192
4501	88970	63	755 384 23 106 132 9 384 37
4647	35632	63	84 188 9 43 40 234
4629	100570	63	755 384 101 33
4612	228799	63	23 17 23 181 755
1756	29441	63	755 384 487 44 43 40 528 4
4636	208666	63	106 132 9 384 12 487 44 43 40 528
1209	222193	63	755 384 5 47
1670	10435	63	290 678 30 755 58 54
1212	90789	63	142 755 188 43 40 755
1212	61836	63	193 117 14 15 30 755
4647	106216	63	1848 447 9 384 36 34 37
1755	75352	63	302 447 29 544 328 123
4625	34180	63	36 34 755 66 1501 37
1752	145503	63	0 43 40 17 23 755 384
1752	49178	63	452 121 189 751 124 126
1212	31906	63	0 99 755 387
1217	230390	63	18 51 40 9 17 67
1214	194615	63	0 5 9 29 192 45 23 755 95 66 1140
1756	100551	63	487 44 64 29 192 4
1755	83214	63	296 219 302 447 29 192 447
1756	51565	63	487 44 219 17
1755	86236	63	23 17 23 302 447 9 384
1756	81348	63	755 66 455 66 610 487 44 29 192
1210	44336	63	0 55 189 751 37
1752	200028	63	755 384 699 155 151
1212	239665	63	755 384 43 40 755
1216	103258	63	23 17 23 1163 755 1163 9
1209	161612	63	452 121 610 1156
1209	99011	63	452 121 68 649
1756	160105	63	142 65 387 384 487 44 29 192
1756	124138	63	487 44 51 40 528
1670	108309	63	43 40 267 269 14 15 30 755 12 17 197 181 1090 57 188 67
1668	163919	63	790 447 333 294
1213	202500	63	14 15 30 755 5 487 44 37
1209	84528	63	333 224 410 519 36 34 37
4654	158096	63	16 17 16 1487 41
1752	161502	63	189 751 452 121 124 126
1752	178438	63	18 51 40 166 108 895 328 17 23 755 384
1756	143231	63	121 103 487 959 29 192
4660	128493	63	18 51 40 26 338 268 248 650 195
4641	116946	63	106 132 9 384 55 305 306 207 37
1212	102707	63	755 188 43 40 755
2214	35438	63	236 829 485 828
1665	243847	63	99 106 132 9 384 495 17 485
1212	111419	63	755 387 384
1212	130850	63	97 65 78 452 121 14 15 30 755
1755	15211	63	302 29 192 447 9
1752	188264	63	14 15 30 755 85 483 525 268 248 573 57
1756	42817	63	302 447 207
1670	201337	63	14 15 30 755 43 40 678 105
4625	198976	63	268 189 751
1668	26099	63	790 447 277 294 43 40 234
1214	44342	63	387 384 251 510 9 398 36 34 181 755 40
1212	25195	63	23 755 333 329 329 37
4628	72117	63	29 544 328 123 464 384
1666	207827	63	755 29 326 9
4654	226402	63	861 105 23 387 37
1756	172863	63	608 487 959 64 29 192
1755	62021	63	296 29 73 447
4501	81179	63	36 106 132 9 384 37
1210	240219	63	14 15 30 755 4 189 751 91 1138 55 29 75
2099	90131	63	0 99 66 411 632 9 384
4625	2416	63	296 192 36 34 755 29 192
4636	241773	63	66 455 687 188 487 44 29 192 188
7833	105970	63	0 9 384 18 51 40 9 17 67
1748	14000	63	9 483 525 23 755 37
1668	32173	63	156 1028 73 294 9 384 36 34 37
1212	202780	63	14 15 163 259 36 34 755 188 37
4641	113732	63	106 132 9 384 487 44 29 192
1214	184432	63	0 9 398 142 66 447 36 34 11 2 755 12 98 37
1212	137323	63	43 46 193 117 14 15 30 755
1752	213974	63	17 23 755
4651	126489	63	14 15 30 755 172 251 37
1752	64800	63	755 17 59 221 188
1670	10282	63	43 40 267 269 14 15 30 755
1755	131795	63	9 384 447 572 64 29 544 328 123
2083	236907	63	387 384 43 40 9 384
1671	3500	63	36 34 106 189 751 40
4612	177128	63	251 510 9 483 45 23 181 411 755 384 37
1216	16938	63	154 41 43 40 9 384
1755	35661	63	23 234 302 447 37
1212	35640	63	14 15 30 755 452 121
4651	34929	63	17 288 26 4 220
1758	133379	63	14 15 30 755 43 40 895 699 193 117
2099	91383	63	66 411 632 9 483
1756	62101	63	387 384 4 487 44 64 29 192
4615	216683	63	36 34 755 42 188 37
1755	46843	63	302 447 296 29 302 73 447
1756	50726	63	642 487 44 29 192 188
4501	236110	63	36 34 106 132 9 37
1756	147187	63	14 15 30 755 4 487 44
4636	137354	63	610 487 959 64 29 192
1752	154445	63	9 483 387 384 12 18 51 40 17 36 34 181 755 188
4629	51108	63	39 17 42 755 384 450 369
1665	35525	63	95 190 608 4 9 384 442 294 36 34 9 37
1666	126904	63	66 447 29 192 294
1212	2259	63	0 99 755 532 1501 687 188
4636	98559	63	36 34 302 73 447 9 384
1752	185321	63	0 9 384 251 510 9 398 67 12 181 411 755 384 43 40 124 126
1668	224530	63	638 9 384
1752	97966	63	18 51 40 0 452 121 189 751 17 117 8
4614	25971	63	387 384 43 40 452 121
4612	252133	63	9 384 67 9 23 755 37
4615	75461	63	55 610 1156 572 559 40
1216	126749	63	9 384 43 40 9
4654	227075	63	142 190 16 1487 41 37
2114	184018	63	0 5 85 483 7 138
1752	202188	63	18 51 40 755 17 67 384
4506	2635	63	1163 755 1163 9 37
1216	176366	63	14 15 30 755 205 19 9 384
1750	124363	63	267 269 14 15 30 755
1214	37323	63	251 510 85 483 36 34 181 755 37
1668	46618	63	790 447 73 294 16 1487 41
1756	85966	63	487 44 66 608 29 192
4644	11876	63	51 40 328 367 114 115 155 151
4612	33656	63	251 510 9 398 9 36 34 62 755 37
4636	221007	63	487 959 219 37
4641	120252	63	106 132 9 384 487 44
1752	213494	63	755 384 124 126
1752	241749	63	18 51 40 452 121 17 67 755 384
1212	158793	63	14 15 30 755 43 40 21 193
4628	31122	63	755 384 114 115 5 29 326
4625	48125	63	84 55 189 751
4636	168193	63	36 34 302 29 192 447 9 384
1756	165176	63	66 455 687 188 487 44 29 192
4634	50217	63	106 201 5 107 207 37
4506	6555	63	84 39 42 9 384 408 191
1671	32843	63	189 751 225
1752	113783	63	55 189 751 17 23 755 384
1670	126190	63	14 15 755 188 205 19 290 678
1756	86142	63	720 487 959
1755	8887	63	14 15 30 755 9 384 36 34 302 447 37
1756	241909	63	66 455 642 66 190 608 487 44 29 192
4647	249281	63	36 34 1848 447 37
1670	143928	63	0 5 290 678 14 15 30 755
4618	232480	63	9 384 525 36 34 879 306 755 384 37
1665	77534	63	43 40 452 121 106 132 9 384
1671	24612	63	30 755 106 189
1756	79966	63	29 192 4 487 44
2099	122568	63	205 19 106 132 251 189 9 384
4612	39807	63	36 34 29 411 755 384 37
4625	45298	63	43 40 0 84 189 751
1755	26718	63	296 29 36 34 302 73 447 9 384
1209	38277	63	29 75 36 34 387 384
1755	193411	63	296 544 36 302 29 192 447
1756	119742	63	487 959
1749	74180	63	18 51 40 84 55 305 368 9 384
1756	89878	63	142 190 487 44 219 37
1756	349	63	66 294 487 44 29 192
2214	173068	63	829 485 828 236 312
1752	166808	63	43 40 755 17 67 67
4618	210700	63	9 483 67 36 34 181 755 37
4501	127859	63	0 5 106 132 9 384
1752	35868	63	18 51 40 0 17 23 755 384
4501	71536	63	18 51 40 17 23 66 411 9 483
4654	27319	63	861 105 36 34 387 384 37
4641	137503	63	43 40 66 411 632 9 483 387 384
1670	117468	63	290 678 14 15 755 188
1752	188049	63	755 17 67 20
1750	237069	63	14 15 30 755 267 269
1212	192667	63	755 188 62 10 65 20
1670	162121	63	290 678 14 15 30 755 83 54
4641	219210	63	106 132 9 55 487 44 37
1209	98091	63	29 192 519 36 34 755
1666	56871	63	66 447 64 29 192 294
4669	249254	63	14 15 30 755 22 24
1670	140385	63	176 960 58 54 678 105
1752	172263	63	0 452 121 4 755 384 18 51 40 118 495 124 126 342
4618	48101	63	189 751 64 2013 69 573 57 37
4636	34899	63	642 487 44 64 29 192
1216	88082	63	14 15 30 755 43 40 9 384
1750	22426	63	43 40 267 269 755 188 151 23
1756	149520	63	66 294 487 44 64 29 192
1756	164900	63	755 188 487 44 29 192
1756	78476	63	43 40 107 133 487 44
4625	245636	63	84 189 751
4625	181268	63	0 23 755 29 192 280
1209	9135	63	75 871 786 23 755 37
1756	32580	63	121 103 487 44 64 29 192
1212	125352	63	452 121 755 387
1214	31429	63	251 510 9 483 45 23 879 306 755 384 37
1209	197894	63	0 23 387 384 37
4641	64700	63	14 15 30 755 106 132 9 384 487 44 43 40 528
1212	92078	63	205 19 155 18 14 15 30 755 57 105
4612	52023	63	106 132 9 483 67 36 34 181 755 37
1756	57882	63	66 190 608 487 44 29 192 188
1752	212081	63	55 189 751 18 51 40 17 23 57
1668	43124	63	0 1028 73 294 9 384 36 34 37
1212	46477	63	51 40 328 367 36 34 755
1212	240390	63	36 34 755 384 37
1212	74099	63	201 62 9 23 755 384 37
1212	128764	63	755 330 329 329 329 642
1752	230641	63	412 411 175 755 384 175 155 151 12 18 51 40 142 411 124 126 67
1212	215088	63	201 62 23 755 37
1755	43102	63	14 15 30 755 36 34 302 447 37
4614	209305	63	99 755 384
1750	153287	63	205 19 267 269 14 15 755 384
1209	210348	63	699 715 431 243 519 23 387 384 37
4506	197343	63	0 5 154 41 9 384
1752	38374	63	14 15 30 755 452 121 124 126
1752	91537	63	43 40 452 121 17 95 221
4625	114366	63	36 34 755 240 1501 37
4654	126825	63	16 1487 41 533 728 37
1752	101286	63	43 40 0 755 17 67
4647	194307	63	23 1848 447 9 384 37
4636	223166	63	296 29 36 302 73 447
1756	163280	63	642 66 190 608 29 192 487 44
1756	72439	63	66 455 66 294 29 192 487 44
1752	192659	63	18 51 40 17 23 387 384
1756	182289	63	387 384 55 487 44 37
4625	111601	63	101 33 189 751
2099	243633	63	36 34 106 132 251 189 9 384 37
1209	117551	63	333 224 23 755 37
1752	9600	63	55 189 751 18 51 40 755 384 124 126
1665	251711	63	106 132 251 189 9 384 107 207 37
1752	126048	63	18 51 40 755 17 42 188 20
1209	228565	63	699 715 431 243 519 36 34 755 384 37
1756	107369	63	487 44 919 37
1666	31146	63	9 384 410 447
2099	37902	63	106 132 251 510 85 483
1755	336	63	302 447 18 51 40 364 55 344 447
1212	114615	63	14 15 30 755 62 97 452 121
1210	136323	63	296 29 23 387 29 192
4629	142250	63	755 384 450 369 43 40 48 17 42
1752	13146	63	55 189 751 268 248 452 121 755 384
1752	38113	63	43 40 755 17 67
4506	111372	63	141 368 9 384 37
4641	181873	63	106 132 85 483 305 306 207 64 29 192
1752	74988	63	387 384 84 55 117 8
7833	113922	63	268 248 9 384
4506	3618	63	36 34 1163 755 1163 9 17
1212	175838	63	62 97 65 755
1757	123207	63	14 15 30 755 16 1487 41 37
1210	177422	63	296 29 23 755 29 188
1752	155671	63	18 51 40 0 387 384 9 483 67 12 9 64 755 17 67 384
1668	60682	63	790 447 487 44
4501	129737	63	17 23 106 132 9 384
1756	152455	63	9 384 487 959
1213	3704	63	595 44 100 546
4647	26200	63	36 34 452 121 1848 447 9 384 37
4501	71142	63	17 23 106 132 9 384 37
1752	18788	63	18 51 40 755 17 59
1748	118162	63	142 190 64 2013 69 189 751 37
1756	31535	63	142 190 487 44 64 29 192
1666	206148	63	9 384 410 447 64 29 326
4612	134575	63	364 23 755 66 411 37
1670	82591	63	290 678 14 15 30 755
4625	171085	63	0 55 29 192 189 751
1209	99997	63	333 15 519 36 34 755 37
4651	1673	63	55 168 1276 37
1212	124151	63	43 40 755 188 20
1752	134626	63	18 51 40 55 189 751 755 17 67
1209	92118	63	30 95 384 37
1752	11409	63	755 188 124 126
1670	66286	63	678 105 14 15 30 755
4654	119051	63	71 5 1487 41 37
1666	65089	63	9 384 720 526 294 296 1028 9 384 328 123
1671	52239	63	106 219 755 384 189 751
4625	251287	63	296 29 23 755 29 192
1756	60275	63	642 66 610 487 44 29 192
1756	167559	63	487 44 466 302 129 73
1750	220380	63	267 269 189 751
1217	73882	63	14 15 30 755 9 17 67
1748	114479	63	14 15 30 755 64 2013 69 4 37
1752	204543	63	18 51 40 401 1087 17 663 494 5 47
1755	124294	63	302 447 36 34 17
4636	223064	63	608 44 29 192
1756	157447	63	14 15 387 384 487 959 64 29 192
1670	24255	63	290 678 755 384 58 54
1670	247379	63	290 678 30 755
4634	140669	63	5 107 305 306 207
1752	101631	63	755 384 43 40 124 126 67
1752	118810	63	0 4 452 121 18 51 40 17 117 8
1756	83779	63	55 84 55 487 44
7833	49075	63	18 196 9 17 67 384
1212	178817	63	51 40 328 367 36 34 181 755
1752	21134	63	18 51 40 0 4 401 1087 17 939
1209	141359	63	0 36 34 387 384 37
1756	180547	63	755 66 455 66 294 29 192 487 44
1216	88879	63	14 15 30 755 9 55 274 241 9 384 1717 321 37
1750	160981	63	43 40 267 269 189 751
4501	4961	63	43 40 251 510 85 483
2083	81215	63	36 34 456 368 9 384 37
1756	21979	63	755 384 207 959
1756	173597	63	66 455 487 44 66 294 29 192 188
1666	179435	63	73 54 9 384
1756	171016	63	487 959 29 192 280
1756	236545	63	5 487 44 29 192
1212	155491	63	23 755 384 37
1212	107537	63	0 5 43 46 45 23 452 121 14 15 30 755
1752	42358	63	755 384 17 155 151
1756	145093	63	487 44 29 192
4506	71078	63	43 40 2815
1209	115698	63	29 192 519 23 755
1752	142244	63	43 40 755 17 42 20
4614	78146	63	755 384 408 191
1209	46865	63	755 384 401 1087
1752	143924	63	18 19 755 17 67
4625	52324	63	0 36 34 387 29 192 188
2083	125872	63	39 17 42 9 384 1124 191
1671	29729	63	99 106 189
1752	170755	63	755 17 67 280
1209	56135	63	333 15 519 36 34 755 384 37
4501	196123	63	64 476 36 34 106 132 9 384
4641	81815	63	106 132 85 483 305 306 207
4641	148338	63	106 132 85 483 487 44 43 40 528
4612	69861	63	251 510 9 483 67 12 9 36 34 181 755 37
1752	1986	63	755 17 59 221
1666	236594	63	64 66 190 608 9 66 411 37
1752	144328	63	755 188 17 117 8
1756	72054	63	608 487 44
2099	230025	63	251 189 9 384
1213	160227	63	755 384 595 44 100 546
1752	197645	63	43 40 755 384 124 126
1665	57951	63	36 64 106 132 9 66 447 4 37
4506	63449	63	9 384 64 141 368 520 37
4614	205836	63	280 12 53 52 97 65 36 34 755 188 37
2114	244722	63	755 384 85 483 7 138
1209	92290	63	43 46 45 23 452 121 755 384
1671	5386	63	14 15 30 755 106 189
1670	60159	63	14 15 30 755 205 19 290 678
1216	167518	63	23 1163 755 1163 9 37
1671	47138	63	30 755 36 34 106 219 189 751 37
1756	26155	63	487 44 959 64 29 192
1212	22686	63	14 15 30 755 39 17 42
1756	187251	63	14 15 30 755 4 487 959
4644	153738	63	14 15 30 755 106 201 124 126
1752	219108	63	755 188 699 117 8
1212	26242	63	379 452 121 4 54 17 23 57 14 15 30 755 37
1756	84050	63	755 333 330 447 487 44 29 192
1665	169457	63	14 15 387 384 106 132 9 384
1752	62544	63	755 188 117 17 8
1665	29242	63	43 40 316 35 106 132 85 483
1756	220412	63	412 608 9 29 192
1212	222323	63	14 15 30 755 408 191
4614	239133	63	62 97 65 755 384
1749	102936	63	0 141 368 520 384 124 126 12 201 62 43 40 305 368 9 384 12 39 17 42 445 25 67
1756	63704	63	755 188 487 44 64 29 192
1756	33197	63	412 190 608 487 44 29 192 20
4643	122603	63	14 15 30 755 51 40 328 367 42 58
1212	188987	63	36 34 755 188 17
1668	153190	63	790 447 66 294 9 384
1212	185721	63	14 15 755 384 30 95 37
4647	40581	63	36 34 1848 525 9 384 37
1752	76071	63	18 51 40 14 15 755 188 895 328 106 438 452 121
4625	110545	63	36 34 755 333 329 329 329 37
4501	32554	63	14 15 30 755 43 40 106 132 9 384
1752	139006	63	401 1087 17 494 702
1756	174760	63	66 455 66 190 608 29 192 487 44
1756	169252	63	608 487 959
1218	235715	63	141 368 9 384 43 40 124 126 67
1212	142287	63	205 19 755
1217	251840	63	43 40 9 17 67 384 67
1755	246764	63	29 192 447 9 384
2099	65337	63	23 66 411 632 9 483 37
1209	51165	63	0 23 755 384 37
5241	86350	63	829 485 572 189
1209	232903	63	699 155 610 36 34 755 37
4501	231810	63	106 132 9 384 408 191
1756	159971	63	14 15 30 755 12 487 44 29 192
1209	245675	63	755 384 55 610 1156 572 559 37
1209	130480	63	73 519 36 34 387 384
1752	242073	63	797 645 755 17 67
4612	117671	63	9 67 36 34 181 755 37
4506	149444	63	23 17 23 154 41 9 384
1752	106619	63	0 387 384 755 17 67
4647	179663	63	9 384 156 1028
1752	126980	63	9 384 525 17 23 755 384 67
1212	99838	63	201 62 36 34 755 384 37
1756	242158	63	755 66 455 66 294 487 44 29 192
4612	114911	63	251 510 9 483 525 23 181 755 37
1756	143401	63	30 755 487 44 64 29 192
1756	239013	63	66 455 642 29 192 487 44
1757	118283	63	14 15 30 755 64 476 16 210 1487 41
1209	211934	63	452 121 14 15 30 755 4 68 649 3298 488 37
1752	104896	63	0 379 9 398 384 9 99 755 43 40 135 17 36 34 755 20
1752	67715	63	895 328 268 248 452 121 755 384
4636	118079	63	36 34 302 73 447
1756	177735	63	642 608 487 44 29 192
4625	130170	63	296 225 189 751 29 192
4625	155454	63	296 219 29 192 189 751
1668	151381	63	387 384 790 447
1752	218433	63	755 384 84 117 8
4636	37047	63	387 384 207 959 29 192
1755	15267	63	9 384 447 427
4501	170235	63	106 132 9 384 62 97 65 9
1756	175564	63	107 487 44 37
1209	111766	63	755 384 610 1156
1752	31865	63	18 51 40 387 384 124 126
1217	236447	63	9 384 9 17 301 266
1216	172069	63	14 15 30 755 84 55 9 384 445 25
2083	244402	63	154 41 623 185 62 97 65
4660	210918	63	26 338 650 195 17 485
1752	220595	63	0 9 384 67 43 40 755 17 67
1755	237904	63	14 15 30 755 36 34 302 73 447 9 384
1752	114376	63	0 43 40 17 23 755 188 67
1748	90183	63	14 15 30 755 253 811 4 189 751 36 34 2013 69 573 57 37
4625	231520	63	189 751 114 115 699 117 8
1668	70884	63	790 447 525 9 23 755 384 37
1212	243303	63	62 97 65 452 121 12 43 40 39 17 42 14 15 30 755 280
4634	130369	63	55 275 176 37
4612	241447	63	9 483 34 525 36 34 879 306 755 384 37
1752	85655	63	755 384 6 7 124 126
1756	104360	63	66 190 608 487 44 29 192
4506	111374	63	201 62 36 34 66 411 632 9 384 37 13 0 17 99 57 67 12 36 23 197 9 17 470
1212	62577	63	62 10 65 755 188 20
1212	34244	63	43 40 45 23 755 384
1666	51880	63	9 384 720 51 40 328 367
1218	241600	63	18 51 40 9 384 276 64 9 17 16
1756	195000	63	302 447 487 44
1756	96623	63	412 720 487 44 29 192
4501	210969	63	36 17 36 34 106 132 9 384
1752	9293	63	18 51 40 201 62 17 23 755
4660	70096	63	26 338 699 117 8
1752	194683	63	18 196 0 17 23 755
1750	4207	63	0 5 267 269
4629	204453	63	0 4 755 384 450 369 43 40 84 55 67
1756	242694	63	5 487 44 37
1752	47777	63	0 43 40 17 23 452 121 755 384
4644	224202	63	73 302 724 42 58
1212	225909	63	0 43 40 46 45 23 193 117 14 15 30 755
1752	175989	63	18 51 40 452 121 17 42 189 751
4636	161971	63	23 302 447 37
1671	249393	63	189 751 441 225 67
4618	131823	63	18 51 40 55 189 751 17 23 57
1212	26342	63	235 755 188
4647	12452	63	9 384 720 36 34 1848 1028 37
4615	142065	63	699 155 610 36 34 387 384 37
1209	11384	63	333 224 36 34 387 384 37
1671	213137	63	43 40 36 34 106 189
4612	91438	63	9 301 266 9 36 34 755 59 221 37
4629	72373	63	0 4 2453 0 4 387 384 62 97 65
1752	157828	63	14 15 30 755 17 23 57
1756	46394	63	302 447 207 64 51 40
4654	145339	63	114 115 101 1487 41 37
1209	5833	63	333 439 519 36 34 755 188 37
4628	71497	63	51 40 328 367 23 95 384
1666	95689	63	9 384 720 43 40 364 55 477 190 608
1666	76315	63	29 544 328 123 9 384
1212	101010	63	43 46 62 14 15 163 259 65 39 14 15 755 188
1670	74195	63	14 15 30 755 290 678
1756	152159	63	487 44 595 528
2083	65326	63	205 19 456 368 9 384
1756	172831	63	755 387 487 44 43 40 528
1756	249687	63	755 66 455 487 44 64 29 192
4506	183740	63	510 302 9 384
1750	234000	63	43 46 267 269 30 755
1756	157036	63	755 532 455 66 610 487 44 29 192
1212	32555	63	14 15 30 755 452 121 17 67
1671	42456	63	0 99 106 189
4618	126124	63	2013 69 189 751 37
1219	147861	63	189 751 55 502 447
1752	30707	63	18 51 40 755 17 67 188
4616	219327	63	14 15 30 755 64 51 40
4643	70184	63	29 326 23 42 58
4625	204255	63	364 23 755 66 1501 37
1216	243763	63	236 67 190 54 14 15 30 755 43 40 9 384
1752	93490	63	18 51 40 755 384 124 126 67
4642	136732	63	755 384 133 139
1752	115123	63	17 23 755 188
4506	229607	63	23 17 23 251 510 9 398
4506	41836	63	64 17 64 1163 755 1163 9
5241	107523	63	829 485 828 9 384 572 189
1756	119185	63	142 487 44 43 40 528
4641	106344	63	106 132 9 384 9 107 487 44 37
4501	30974	63	106 132 9 384 12 43 40 316 35
1752	15583	63	0 43 40 755 17 67 188 342
1212	149873	63	14 15 30 755 266 97 65
1752	192949	63	18 19 755 384 124 126
1756	203593	63	487 44 43 40 528
4647	15099	63	23 452 121 1848 1028 9 384 37
4636	41144	63	487 44 43 40 528 20
1209	172215	63	333 224 519 36 34 387 384 574
4641	158448	63	106 132 9 384 55 84 55 305 306 207
4636	182633	63	207 959 29 188
1209	168301	63	755 384 610 1156 5 47
4506	48247	63	0 43 40 109 774 384 66 411 9 483
1212	30804	63	14 15 30 755 43 40 193 117 280
1666	164143	63	755 384 447 572 64 29 326
1213	110937	63	14 15 30 755 4 487 44 219 40
4625	174847	63	18 51 40 84 55 189 751
1756	4756	63	755 344 329 329 329 66 190 608 487 44 29 192
4641	252055	63	106 132 9 384 107 305 306 207 37
1752	120220	63	755 384 452 121 124 126 64 51 40 103 389
1666	198549	63	296 525 9 384 720
4654	160064	63	197 16 1487 41 37
1755	34927	63	364 23 302 334 447 37
1756	212472	63	487 44 333 329 329 329 66 190 608 29 192
1212	189604	63	62 97 755 188
4612	25926	63	9 398 9 36 34 181 755 37
4501	30358	63	268 248 106 132 9 384
1752	13939	63	18 51 40 755 188 124 126
1755	126577	63	296 544 302 29 192 447
4621	43222	63	18 51 40 55 189 751 755 17 67 188
1670	239114	63	205 19 290 678 14 15 755 188
1756	221017	63	720 44 29 192
1752	60082	63	18 51 40 0 755 17 67
1752	8482	63	755 384 114 115 124 126 81 82 64 51 40
1752	158101	63	17 23 755 67
1752	223974	63	55 189 751 755 17 59
1756	30559	63	720 487 44 64 29 192
4625	129959	63	66 998 189 751 64 29 192
2099	120279	63	14 15 30 755 43 40 251 510 9 384
1756	162863	63	121 103 487 44 219 37
1212	61364	63	0 5 755 14 329 329 329 642
1212	156846	63	755 334 455
4634	249544	63	106 201 5 305 306 207 37
1214	163315	63	755 398 43 40 62 755 342
1756	140275	63	755 188 4 487 44 64 43 40 528 4
4628	10989	63	114 115 189 751 71 5 29 326
1670	159007	63	14 15 755 188 43 40 290 678
1752	170783	63	9 483 525 268 248 755 384
4654	7680	63	101 1487 41 40
1750	135582	63	43 40 267 269 387 384
1671	99101	63	189 751 23 106 219 37
1212	95343	63	121 103 36 34 387 384 37
1756	76235	63	487 959 43 40 528
1219	137853	63	14 15 30 755 452 121 29 326 197 8 447
1755	214329	63	66 998 36 34 755 29 326
1668	199804	63	790 447 207 57 29 192
1219	207759	63	189 751 8 447
1670	34748	63	121 103 43 40 290 678 83 105
1750	35179	63	0 17 99 193 117 14 15 30 755 12 57 17 16 0 99 267 269 241
4614	177716	63	755 532 1501 687 188
2099	130967	63	23 106 132 9 483 37
4501	145439	63	23 17 23 106 132 9 384
1212	166581	63	43 40 755
2099	133656	63	9 483 755 384
1668	187397	63	205 593 790 447 4 24 43 40 234
1215	57141	63	43 40 528 387 384 85 483
4621	143656	63	18 51 40 755 384 34 525 744 186 189 751 17 23 181 755
1212	98483	63	14 15 30 755 127 62 97 65
4501	53492	63	0 99 106 132 9 384
1752	210869	63	55 189 751 18 51 40 17 23 755
4629	99082	63	0 4 755 384 450 369 20
1752	191255	63	755 188 17 67
1755	248633	63	302 73 447 9
1752	41520	63	0 18 51 40 755 17 67
1212	26333	63	205 19 193 117 14 15 30 755
1213	189519	63	14 15 30 755 487 44 207 57 64 29 192 20
1209	194844	63	333 224 519 36 34 755 188 37
1756	109860	63	29 192 487 44
4615	126885	63	333 439 410 519 36 34 755 37
1752	77833	63	18 51 40 387 17 67 384
4643	57093	63	29 326 23 95 384
1214	94088	63	9 398 66 447 23 755 17
1752	167474	63	235 755 17 67 20
4644	152431	63	51 40 328 367 23 42 58
1213	174608	63	14 15 30 755 720 487 959 29 192
1755	251206	63	36 34 755 29 192 447
1755	108483	63	14 15 30 755 296 544 36 34 302 73 447 9 384
1756	129242	63	455 302 129 73 4 487 44
1671	18096	63	57 67 197 1232 189 751 37
1212	12748	63	43 40 452 121 14 15 30 755
4501	31059	63	106 132 85 483
2214	213112	63	0 5 236 312 829 485 828
1212	15149	63	0 4 14 15 30 755 43 40 84 55 193 117 342
4643	147434	63	95 384 327 37
1755	68860	63	36 34 302 333 330 447 37
1212	179476	63	205 19 755 188
4615	238583	63	43 40 46 45 23 387 384
1209	232585	63	0 36 34 452 121 14 15 30 755 37
1213	193665	63	14 15 30 755 595 44 100 546 55 97 424
4651	75147	63	755 188 64 468 4 37
1752	6943	63	43 40 17 23 755 384
1212	239575	63	14 15 30 755 64 5 1219 121 45 23 452 121 37
4636	11145	63	66 294 29 192 487 44
4634	87650	63	5 17 5 305 306 207
1670	48589	63	176 960 58 54 290 678
1670	172719	63	205 19 290 678 14 15 755 384
1212	223314	63	14 15 755 188 62 97 65
2099	86981	63	0 201 62 99 251 510 9 483
1212	29979	63	43 40 193 117 14 15 30 755
1756	117085	63	55 487 44 40
1217	32722	63	9 384 623 185 124 126
4501	208852	63	142 190 36 34 106 132 9 384 37
1212	136362	63	14 15 30 755 36 34 387 384 37
1752	89168	63	18 51 40 755 17 42 384
4625	121290	63	189 751 30 225
4501	91397	63	0 99 251 510 9 483
4660	48724	63	26 338 250 7 301 17 266
4642	249083	63	267 662 755 384
1671	104103	63	106 189
1756	201759	63	608 487 44 29 192
1752	21828	63	43 40 17 23 755 384 67
2214	77458	63	829 485 828 205 19 236 312
1752	104790	63	755 384 114 115 17 117 8
1668	217503	63	790 447 207 43 40 528
1217	118560	63	9 17 67 43 40 234
4636	66095	63	720 487 959 29 192
2083	87574	63	39 17 42 9 384
1209	110311	63	84 55 715 333 15 36 34 755 37
1756	246512	63	142 190 487 44 43 40 528 4
1212	185057	63	0 5 265 384
2114	77921	63	85 483 7 138
4636	220991	63	14 15 30 755 487 959 43 40 528
1215	141302	63	106 132 9 384 23 1956 605 487 44 516 305 306 207 37
4621	3974	63	55 189 751 106 201 124 126
1752	203651	63	14 15 30 755 129 132 36 34 755 201 62 755 17 67 67
4614	29915	63	43 40 23 755 42 188
1216	217450	63	14 15 30 755 127 43 40 9 384
1752	139427	63	0 387 384 43 40 117 8 17 67
1212	202307	63	36 34 755 188
1752	144620	63	18 51 40 0 4 755 384 124 126
1755	62543	63	23 755 73 447
1666	26061	63	333 447 64 29 326
4501	227641	63	623 1139 106 132 9 384 37
4654	88628	63	755 384 16 1487 41 37
1756	10338	63	487 44 43 40 107 4
1668	128801	63	790 447 43 40 234
1212	164304	63	0 452 121 755 384
1214	232619	63	9 483 384 607 525 64 476 23 793 328 755 384
1755	8409	63	36 34 302 73 447 9
1756	152849	63	487 44 29 192 280
1750	19521	63	267 269 30 755
1213	105945	63	14 15 30 755 720 487 44 29 192
1209	203981	63	43 40 45 23 117 8 755 384
1212	225936	63	14 15 30 755 62 97 39
4636	246833	63	302 447 487 44 29 192
1755	208093	63	296 544 302 447
1750	16526	63	267 269 387 384
1758	156487	63	14 15 30 755 127 895 699 193 117
1216	185147	63	43 40 305 347 17 23 14 15 30 755 9 384
4615	78481	63	699 715 333 15 36 34 387 384 37
2083	230386	63	9 384 408 191
1209	177925	63	0 36 34 755 40
4612	221664	63	9 483 67 9 36 34 755 37
1671	120591	63	189 751 43 40 106
4618	100370	63	36 34 2013 69 573 57 37
1671	36766	63	23 106 189 37
1212	38172	63	452 121 755 188
1214	245203	63	9 29 192 36 34 755
4636	134455	63	296 544 302 73 447
1217	164504	63	9 384 17 155 151 43 40 234
1755	69458	63	36 34 302 447 9 384 37
4614	223056	63	755 188 62 97
2083	202189	63	62 97 65 9 188
1748	100607	63	106 132 9 384 9 23 879 306 755 384 37
4636	186867	63	296 29 302 29 192 447
1755	62006	63	302 447 296 544 73 190 608
1749	14756	63	14 15 30 755 18 51 40 17 23 305 368 9 384
1217	205663	63	9 17 301 266 384
4654	127213	63	755 384 450 369 197 16 1487 41 37
1212	31111	63	36 34 755 188 37
1756	155048	63	487 44 29 192 342
1756	159413	63	487 44 29 192 4
1210	158730	63	296 219 755 29 192
1750	53383	63	14 15 30 755 43 46 267 269
1209	154573	63	14 15 30 755 4 755 384 18 51 40 452 121 17 67 20
4651	2014	63	190 26 41 44 172 251 37
4501	33344	63	755 384 36 34 106 132 9 384 37
1212	97530	63	22 41 54 237 23 17 23 452 121 14 15 30 755
1756	44021	63	687 66 294 29 192 487 44
4641	63569	63	106 132 9 384 487 44 43 40 595 528
4625	18348	63	296 192 755 29 192
1756	125696	63	14 15 755 384 487 44 43 40 528
4651	219253	63	190 26 41 44 17 197 941 942 220
1218	61688	63	520 384 67 43 40 84 155 151
4625	80450	63	0 23 387 29 192
1756	173193	63	487 44 29 75
4634	175107	63	55 84 55 407 404 207
1752	67425	63	55 189 751 129 132 495 23 755 384 12 18 51 40 201 62 755 384 175 64 124 126
1755	71346	63	302 447 447 572
1668	241111	63	790 447 66 294 197 726 725 1487 41 37
1756	93679	63	5 29 192 487 44
1209	66672	63	51 40 68 649 45 36 34 452 121 14 15 30 755
1670	223273	63	14 15 30 755 36 34 290 678 58 54 37
2099	124940	63	36 34 66 411 632 9 384 574
1210	128398	63	296 29 755 29 192
4625	205502	63	36 34 387 29 192
4506	24876	63	121 103 36 34 1163 755 1163 9 37
1216	110271	63	43 46 9
1756	26722	63	30 387 487 44 29 192
1666	90140	63	18 51 40 252 2841 755 4 384 12 333 54 135 5 9
1213	59539	63	106 132 9 384 205 19 595 44
4636	61887	63	412 294 29 192 487 44
1212	12080	63	36 34 387 384 359 79 37
4647	108972	63	387 384 1848 447
1750	162559	63	14 15 30 755 205 19 267 269
1665	181405	63	43 40 106 132 9 384
4651	9866	63	14 15 755 188 486 1628 37
4612	107151	63	106 132 9 384 525 9 23 181 755 37
4612	25957	63	9 483 525 36 34 62 755 37
4647	108920	63	1848 1028 9 384 720 447
1756	147544	63	720 44
1752	250189	63	18 51 40 17 755 0
4641	27012	63	106 132 9 384 305 306 207
1213	102855	63	14 15 30 755 127 487 959 64 29 192
1209	219731	63	29 75 610 1156 36 34 452 121
1752	160051	63	18 51 40 17 23 117 8 452 121 755 188
1755	171553	63	302 447 29 192 190 608
1752	61918	63	0 18 51 40 755 17 42 188
1668	30394	63	17 9 384 197 43 40 46
4612	175469	63	9 483 525 51 40 328 367 36 34 181 755
4628	129227	63	95 384 328 123
1756	142958	63	14 15 30 755 4 487 44 64 4 29 192
1752	200019	63	84 55 234 248 106 335 755 384 452 121
1665	223395	63	43 46 106 132 9 384
1756	211775	63	755 384 487 44
1756	113167	63	142 190 487 959 64 29 192
1665	27682	63	43 40 106 132 85 483
1671	48605	63	189 751 441 192
1666	118089	63	296 225 9 384 720
1212	231993	63	0 99 5 755 188
1666	82116	63	442 294 755 384 51 40 328 367 9 384
1214	242506	63	9 398 384 129 525 9 23 755 40
1750	188221	63	205 19 267 269 30 755
1756	28802	63	66 455 66 190 608 487 44 29 192
1757	186673	63	106 132 9 384 726 725 41 57 37
1212	180115	63	156 158 755 384
1752	107342	63	18 51 40 55 189 751 17 206 755
2114	30026	63	193 474 85 483 7 138
1752	131434	63	18 51 40 0 452 121 17 67 755 384
1209	114801	63	755 384 71 5 51 40 305 306
1209	81744	63	29 192 519 45 36 34 755 384
1752	135419	63	755 384 18 51 40 197 124 126
4629	193780	63	774 384 176 189
2083	162935	63	205 19 154 41 9 384
1212	200535	63	43 46 755 384
1212	240415	63	62 97 755 384
4647	51845	63	1848 1028 66 294 9 384
1750	127610	63	43 46 267 269 14 15 30 755
4643	200901	63	18 19 9 84 42 58
1209	213645	63	0 36 34 755 188 37
1755	70610	63	36 302 447 9 384 37
1752	13040	63	43 40 755 17 67 188
1216	146459	63	9 384 100 546
4641	167927	63	106 132 9 384 107 487 44 37
1670	250071	63	43 40 290 678 14 15 755 384
1755	145812	63	296 544 23 755 29 192 447
1752	32656	63	17 23 755 384
1757	22670	63	197 17 197 16 1487 41
1756	71311	63	14 15 30 755 4 487 44 29 192
1756	166100	63	142 487 44 29 192
1668	109999	63	790 447 66 294 16 1487 41 37
1752	154043	63	9 384 525 268 248 181 411 755 387
1212	126926	63	452 121 330 455
1209	200617	63	55 5 47 37
4618	165658	63	189 751 64 2013 69 4 37
1756	42371	63	755 334 1501 487 44 29 192
1752	225728	63	18 51 40 0 452 121 17 67 189 751
1756	189359	63	642 66 610 29 192 487 44
4616	229950	63	64 219 487 387 37
1209	92257	63	0 36 34 755 384 40
1212	95696	63	9 483 36 34 181 755 37
1752	186403	63	18 51 40 17 23 755 188
1756	245542	63	487 44 66 190 608 29 192
4628	126430	63	755 384 114 115 29 326
4618	58303	63	9 398 525 12 9 23 755 37
2214	106952	63	43 40 236 312 829 485 828
1218	46569	63	9 384 406 405
1752	97091	63	18 51 40 452 121 17 95 221
1755	91689	63	36 302 29 192 447
4641	182844	63	18 51 40 17 23 106 132 9 483
1756	165018	63	387 384 29 192 487 44
1756	90547	63	55 487 44 4 37
1752	250087	63	18 51 40 9 384 525 17 23 181 755 67
1750	176054	63	205 19 267 269 755 188
4654	78513	63	861 254 460 36 34 755 384 37
4654	152720	63	48 1487 41 37
1667	9289	63	9 483 755 384 51 40 328 367 356 355 189 751
1209	164863	63	755 384 610 1156 572 559
1752	194924	63	18 51 40 755 17 67 67
1209	10351	63	333 224 519 36 34 387 384 37
4501	95225	63	36 476 106 132 9 384
4612	136640	63	9 384 525 36 34 181 755 37
1756	236324	63	207 959 43 40 528
1671	160927	63	755 384 189 751
1756	126415	63	487 44 43 528
5241	164753	63	829 485 828 572 189
1671	121119	63	189 751 43 40 106 1232
4625	136623	63	189 751 64 29 192
1209	185232	63	452 121 71 5 51 40
4501	20011	63	36 34 106 132 9 384 40
4612	110185	63	9 384 525 9 23 879 306 755 384 37
4612	83123	63	9 398 9 23 755 37
1756	251535	63	14 15 30 755 207 959 29 192
1756	62776	63	9 384 487 44
4612	184035	63	9 384 129 525 9 23 755 37
1212	203066	63	5 755 188
1670	122176	63	290 678 755 384
1209	35842	63	0 9 23 755 384 37
1216	247536	63	14 15 30 755 790 447 43 40 9 384
1752	186682	63	0 43 40 755 17 67 188
1752	134561	63	9 301 266 755 17 59 221 67
1750	154887	63	267 269 755 188
1212	85458	63	201 62 36 34 755 188 37
4644	114963	63	755 384 5 114 115 29 326
4506	184279	63	121 103 36 34 154 41 9 384 40
1752	181471	63	364 23 755 66 411
1752	156347	63	18 51 40 0 55 189 751 755 17 59 221
4636	91108	63	121 103 487 44 43 40 528
1668	216921	63	14 15 163 259 387 384 333 14 329 329 790 447 66 610 64 29 192 188
1756	35968	63	36 34 302 447 9 384 574
1209	194585	63	71 5 51 40 68 649 45 23 755 384
4506	198764	63	9 17 67 384 280
1219	46967	63	14 15 30 755 189 751 55 502 447
1752	98309	63	43 40 17 36 34 452 121 755 384
1214	251651	63	9 384 525 12 36 34 181 755 384 40
2099	179831	63	66 411 632 9 384
1212	109282	63	0 755 188
1668	187593	63	36 34 790 447 29 326
1752	128430	63	9 67 755 17 67
1752	22845	63	755 188 18 51 40 17 23 117 8
4634	85001	63	5 487 44 4 37
1752	9659	63	464 384 124 126
1752	163619	63	17 23 181 411 755 384
1750	183436	63	267 269 755 384 151 23
4612	235946	63	9 483 525 9 36 34 755 37
1750	128129	63	30 755 267 269
1752	35270	63	18 51 40 895 328 268 248 452 121 755 384
4625	147349	63	66 998 23 755 29 192
1755	184281	63	17 23 302 334 447 574
2214	34315	63	205 19 177 178 829 485 828
1756	67063	63	142 190 487 44 64 29 192 280
2083	238545	63	141 368 9 384
1756	248294	63	66 190 608 333 329 329 329 487 44 29 192
1750	251070	63	133 139 755 384
4660	215949	63	26 338 8 17 266
4506	231836	63	0 64 99 302 447 10 639 106 132 9 384
1212	207926	63	205 19 452 121 14 15 30 755
1212	23219	63	62 10 65 755 188
1756	179694	63	142 190 487 44 29 192
4641	212520	63	106 132 9 384 71 5 305 306 207 37
1666	68085	63	296 638 73 78 9 384
4625	236899	63	36 34 755 29 192 188
4625	188600	63	23 387 29 192
1212	238259	63	62 97 65 452 121 14 15 30 755
1756	64892	63	487 44 205 19 528
1671	51494	63	14 15 30 755 43 40 106 189
1668	207600	63	27 205 9 384 156 1028 66 294 197 43 40 46
1668	222317	63	790 447 66 294
1756	112317	63	755 66 455 29 192 487 44
1756	149025	63	66 455 66 610 29 192 487 44
1752	207728	63	55 189 751 43 40 755 17 67 20
1671	192847	63	14 15 30 755 189 751 197 106 1232 37
1752	10545	63	18 51 40 0 387 384 17 67
1212	42690	63	240 243 163 259 65 43 40 84 55 755 384
4506	231890	63	9 384 408 191 62 97 65
1756	233972	63	66 610 487 44 29 192
1752	148207	63	0 43 40 268 248 755 384
4634	88503	63	55 84 55 305 306 207
1756	87332	63	755 188 487 44
1752	183816	63	18 51 40 9 384 525 268 248 755 384
1216	59230	63	0 62 14 15 30 755 755 384 67 43 40 9
1214	52168	63	9 483 135 23 879 306 755 37
4625	228848	63	0 4 189 751
1670	234035	63	43 40 267 269 127 14 15 30 755
1752	4374	63	18 51 40 755 384 124 126
1756	146176	63	608 44
4641	183999	63	106 132 9 384 5 17 5 305 306 207
4628	192621	63	755 384 114 115 252
4506	46862	63	142 190 64 1163 755 1163 9 37
4634	121356	63	305 306 207 43 40 528
1756	132658	63	36 34 302 447 29 326
1752	175459	63	18 51 40 0 755 188 755 17 67
1212	116260	63	266 97 65 39 42 14 15 755 384
1209	251939	63	57 14 15 755 384 12 43 40 84 452 121 155 151
1752	43213	63	755 384 124 126 43 40 234
4506	87211	63	9 483 66 1140 64 251 510 4 188 37
4506	24516	63	23 302 447 9 384 37
1755	248156	63	302 447 447 427
4506	62960	63	43 40 9 17 67 188
1755	127198	63	23 302 73 447
4641	167539	63	106 132 9 384 305 306 207 29 192
4647	154316	63	156 1028 9 384
1671	248699	63	43 40 106 1232 189 751
1749	47557	63	0 829 485 828 186 189 939 67 12 18 51 40 305 368 268 248 9 384
4625	243293	63	0 99 106 219 189 751
1212	103181	63	755 78 188
1209	134956	63	699 155 610 36 34 37
1756	239457	63	487 44 296 219 29 192
1752	246469	63	0 18 51 40 755 17 42
4647	48085	63	1848 328 9 384
1209	92660	63	755 384 401 400
1216	96147	63	387 384 43 40 9
4636	8105	63	487 959 29 192
4616	78079	63	142 17 64 219 487 387 220
1219	90027	63	14 15 30 755 4 189 751 55 502 447
1212	129703	63	43 40 45 23 755 42
1671	73489	63	14 15 30 755 43 40 17 106 189 751
4612	233416	63	9 66 447 9 23 181 755 37
1752	133338	63	14 15 30 755 55 189 751 755 384 124 126
4643	48265	63	464 384 328 123
1748	37551	63	189 751 36 2013 69 573 57 574
1666	249141	63	296 638 9 384
4643	218506	63	464 384 5 29 326
1752	96664	63	18 51 40 17 23 755 384
1212	157917	63	43 40 45 23 755 188
4647	141524	63	36 34 1848 447 9 384 574
1756	32751	63	14 15 30 755 487 44 219 37
4647	91047	63	36 34 452 121 1848 1028 9 384 37
4647	244093	63	23 1848 1028 9 384 37
1756	87986	63	66 455 66 610 487 44 29 192
4647	229020	63	9 384 36 34 156 1028 66 294 37
1666	66024	63	464 384 29 544 328 123
1209	248876	63	55 189 751 452 121 135 23 117 8 37
1671	226056	63	0 5 106 189
1212	131698	63	14 15 30 755 9 36 34 755 384 37
1209	140927	63	333 224 519 36 34 755 384 37
1756	174830	63	9 384 207 57
4629	97196	63	43 40 101 33 755 384 450 369
1212	185704	63	121 103 66 95 36 34 755 188 37
1752	129219	63	18 51 40 84 55 452 121 155 151
1752	15225	63	401 1087 17 663 494
1219	78401	63	14 15 30 755 4 189 751 55 502 447 64 29 326
1212	214777	63	205 19 452 121 755 188
1217	71974	63	9 384 9 17 67
1219	209871	63	189 751 55 502 447 29 326
1212	228834	63	0 23 755 29 192 188
1752	140915	63	18 51 40 755 17 42 188
1666	80832	63	73 78 520 384
4612	139804	63	181 755
1670	250074	63	14 15 30 755 36 34 290 678 37
4643	242249	63	755 384 51 40 328 367 42 58
1756	139806	63	66 455 642 66 610 487 44 29 192
1752	79143	63	43 40 755 17 42 188
1756	237760	63	487 44 29 192 188
1756	160738	63	14 15 30 755 487 44 29 192
2099	200631	63	251 189 9 483
1212	140716	63	14 15 30 755 62 97 65
1752	224906	63	755 384 9 398 17 206 387 43 153 313
4629	60938	63	0 4 387 384 62 97 65 48
1752	106740	63	18 51 40 755 17 67 387 384
4618	147108	63	14 15 30 755 9 483 525 36 34 181 755 37
1756	103323	63	487 44 959
1212	128130	63	0 71 5 755 188
1752	76031	63	755 17 67
1752	241717	63	18 51 40 0 17 23 755 188
1668	32118	63	36 34 1848 1028 9 384 37
2099	124835	63	18 51 40 17 23 251 189 9 384
1755	237668	63	23 17 23 333 330 447
1212	173923	63	99 387 384
1212	183553	63	0 817 1090 57 188
1752	33808	63	268 248 755 384
1752	214619	63	0 43 40 755 17 67
4501	59164	63	23 106 132 9 384 37
1209	165437	63	5 29 192 519 45 23 755
1756	238879	63	142 190 755 384 487 44 64 29 192
1756	95774	63	4 487 44 64 29 192
4642	15413	63	205 19 133 139 755 384
1212	235420	63	43 40 452 121 755 384
1755	174152	63	755 384 23 302 447 37
4641	200798	63	106 132 9 384 4 487 44 43 40 528
5241	40607	63	9 384 572 189
1209	121344	63	699 155 610 26 36 34 387 384 37
1756	207613	63	487 44 43 46 528
1752	9141	63	18 51 40 14 15 755 188 755 17 67
1755	19963	63	296 544 29 192 447
4501	212854	63	36 34 106 132 9 384 574
1212	216132	63	452 121 755 384
1756	78805	63	720 959 487 29 192
1756	163610	63	487 44 219 37
4629	67495	63	0 4 774 384
1212	71021	63	755 431 455
1216	55705	63	755 67 43 40 9
1752	199434	63	43 40 755 17 67 384 67
1209	84383	63	0 18 51 40 452 121 17 67 14 15 30 755
1214	176572	63	251 510 9 384 301 266 64 17 64 36 34 181 411 755 384
1212	91688	63	14 15 163 259 43 40 755 188
1212	38644	63	99 755 78 188
4614	14420	63	0 99 452 121 755 384
4501	228707	63	84 248 106 132 9 384 37
1756	199297	63	487 44 43 40 94
4628	137258	63	189 751 114 115 5 29 326
1209	65015	63	755 188 5 47
1755	19161	63	296 219 36 302 29 192 447
1212	214558	63	0 99 879 306 755 384
1756	71707	63	487 44 235 528 4
1212	44610	63	14 15 755 188 43 40 496
1671	191974	63	43 46 106 219 189 751
1212	242574	63	0 5 755
1212	82818	63	9 384 525 181 755
1752	237250	63	755 384 92 683
4506	251232	63	14 15 30 755 43 46 9 384
4647	199125	63	23 17 23 1848 1028 9 384
2099	157655	63	0 36 34 66 411 632 9 483 37
1756	103345	63	755 384 487 959 64 29 192
2099	8284	63	43 40 66 411 9 483
1755	213108	63	9 384 296 29 302 29 192 447
1750	87811	63	43 40 267 269 755 188
4618	160149	63	9 384 525 9 36 34 879 306 755 37
1666	79572	63	0 4 9 384 720 64 73 54
4501	52534	63	106 132 9
1748	248691	63	9 483 34 525 9 36 34 181 755 37
1666	41402	63	66 447 64 66 190 608 37
1752	36348	63	55 189 751 18 51 40 755 17 67 384
1665	73168	63	17 23 106 132 9 384 40
4636	138889	63	387 384 487 959 29 192
2099	24110	63	0 66 411 632 9 384
4501	142114	63	18 51 40 17 23 106 132 9 384
1756	207051	63	487 44 959 29 192
4636	120131	63	142 190 487 44 43 40 528
1752	141987	63	18 51 40 0 755 17 67 342
4647	188654	63	1848 544 9 384
1212	144847	63	43 40 387
1209	157932	63	114 115 71 5 97 424 401 400
4641	231375	63	106 132 9 384 5 305 306 207 37
1756	26197	63	487 44 75 1193 64 29 192
1752	127505	63	18 51 40 755 17 67 384 67
1756	28551	63	487 44 43 40 46 528
1752	232333	63	0 18 51 40 17 23 755 384
1752	225674	63	18 51 40 0 17 23 755
1755	194207	63	296 29 23 302 29 192 447 9 384
1752	146199	63	401 1087 17 663 494 51 40 339 646
1214	151646	63	0 9 398 173 55 384 525 23 17 23 879 306 755 384
1752	160836	63	858 277 411 755 384 18 51 40 114 115 124 126
4634	5289	63	55 305 306 207 37
4625	142899	63	296 219 23 755 29 192
4625	175846	63	296 225 23 755 29 192
4651	171703	63	755 384 36 41 37
1756	47013	63	14 15 30 755 487 44 64 29 192
1750	16981	63	267 269 58 105
1209	227580	63	30 387 384 37
4642	184943	63	0 99 133 139 387 384
4629	30157	63	0 755 67 29 192 188
2099	43741	63	17 23 66 411 632 9 384
4501	106562	63	23 476 106 132 9 384
1668	33906	63	142 447 4 9 384 23 2067 2067 37
1756	108898	63	14 15 755 384 487 959 29 192
1755	224575	63	9 384 302 447
4641	216764	63	106 132 9 384 55 487 44 37
1752	27463	63	755 384 699 117 8
1668	1983	63	790 447 67 43 40 234
1218	97482	63	43 40 9 384 124 126
2083	17515	63	62 97 65 9 384
4501	105862	63	205 19 106 132 9 384
1212	149780	63	36 34 755 188 574
4616	162165	63	240 243 30 755
1212	41068	63	62 97 755
1752	101836	63	55 189 751 17 23 755 188
1756	141708	63	43 40 528 487 44
1755	67298	63	302 862 447
4618	151972	63	18 51 40 55 189 751 17 23 755 384
4654	62989	63	755 188 101 1487 41 37
1756	165557	63	487 44 43 40 595
4651	215858	63	53 52 131 134 498 93 37
1752	241715	63	387 384 17 117 8
1756	111329	63	487 959 18 29 192
1671	190588	63	106 219 189 751
4660	31156	63	18 51 40 250 7 17 67 26 338
1209	5979	63	55 84 55 610 1156 5 47
4618	37328	63	36 34 2013 69 755 384 37
1216	204993	63	14 15 30 755 12 43 40 9 384
1212	80010	63	755 14 329 329
1212	222935	63	0 755 344 329 329 329 642
1209	147410	63	861 105 36 34 387 37
1217	216782	63	18 51 40 0 9 17 67 384
4651	197143	63	14 15 30 755 36 486 37
1209	63034	63	420 2673 29 23 452 121 37
1756	216120	63	14 15 30 755 755 344 329 329 329 487 44 64 29 192
1756	74720	63	412 608 487 44 29 192
1752	157014	63	18 51 40 755 17 59 221 67
4612	17496	63	9 483 9 36 34 181 755 37
1666	14982	63	755 384 525 29 326 9 384
4642	64795	63	267 662 755 188
1752	250884	63	55 189 751 152 387 17 67 384
1216	86915	63	14 15 30 755 43 40 9
1750	22521	63	43 40 267 269 755 384
1212	47492	63	0 23 755 42 188 37
7833	32991	63	17 23 9 384
1748	32536	63	189 751 55 502 447 18 1065 326 9 483 525 9 71 5 114 115 37
1748	108303	63	9 3989 525 29 326 36 34 181 755
1752	163302	63	18 51 40 452 121 189 751 124 126
4625	187856	63	296 192 23 755 29 192
1217	110442	63	43 40 9 17 301 266
4625	92712	63	18 51 40 0 84 55 189 751
1755	158084	63	296 544 36 34 302 29 192 447
1212	233334	63	0 5 452 121 755 384
4651	108237	63	755 384 498 93 37
1756	58369	63	487 44 43 40 528 4 20
4501	1458	63	106 132 9 483 387 384
1212	167211	63	43 40 755 188
4634	19839	63	55 407 404 207 37
1752	133951	63	755 17 67 384
4654	182190	63	142 190 387 384 16 1487 41 37
2083	131705	63	36 34 305 368 9 384 37
1671	20658	63	43 40 46 36 34 106 189
1209	136770	63	23 755 188 37
4625	93522	63	296 29 36 34 755 29 192
1671	70393	63	205 19 1195 182 189 751
1666	236157	63	296 1028 51 40 328 367 9 384
2083	69209	63	141 836 9 384
1752	28680	63	43 40 755 17 67 188 67
1668	45437	63	14 15 30 755 790 447
4636	104944	63	487 44 64 43 40 528 4
2099	135140	63	36 34 66 411 632
1212	29693	63	43 40 452 121 387 384
1212	71126	63	755 188 5 0 266 14 15 163 259 761 271 271
1212	228470	63	0 364 23 755 333 329 329 329 642 64 37
1755	105710	63	43 40 302 333 330 447
1752	87265	63	9 384 67 18 196 17 23 181 755
4642	140678	63	14 15 30 755 36 34 133 139 37
1215	106415	63	9 384 5 407 404 207
1756	195269	63	14 15 755 188 487 44
1216	49007	63	9 384 43 40 9 17 301 266
4629	236184	63	0 51 40 328 367 452 121 755 188 67
1666	39660	63	412 608 73 54 9 384
1756	177431	63	755 66 455 12 66 610 487 44 29 192
4642	7659	63	43 46 133 139 755 384
1756	133785	63	29 192 487 44 342
1209	209245	63	29 192 519 36 34 387 384
4647	169464	63	9 384 36 34 1848 1028 37
1752	136313	63	0 18 51 40 755 17 67 188
1212	163071	63	62 97 65 234 386
1209	32135	63	333 15 519 36 34 387 384 37
1212	128810	63	0 4 755 384 23 755 42 37
1666	164019	63	0 62 14 15 16 55 532 1140 387 384 12 312 429 4 305 347 662 67 12 17 450 199 9 384 328 123 67
4647	134027	63	36 34 790 447 9 384 37
1752	131137	63	755 384 17 67
1667	202667	63	251 510 9 483 525 18 51 40 84 55 356 355 189 751
1756	86166	63	66 294 4 487 44 64 29 192
1756	212683	63	755 333 329 455 29 192 487 44
1212	208862	63	23 17 23 755 188
4647	199657	63	1848 1028 9 384
1750	13435	63	550 0 267 269
1755	145179	63	36 34 755 29 326
1213	31973	63	14 15 30 755 595 44 100 546 64 51 40
1666	31712	63	334 447 64 29 326
1755	49941	63	387 384 23 302 29 192 447
1752	144505	63	755 384 755 17 59 221
1748	187270	63	755 188 364 23 755 66 411 37
1752	148872	63	18 51 40 17 23 755 67
2114	86969	63	193 85 483 7 138
4636	220451	63	296 29 36 34 302 29 192 447
1752	12543	63	755 17 67 188
1216	17818	63	205 19 9 14 15 30 755 4 387 384
1216	218024	63	43 46 9 384
4625	147405	63	0 43 40 84 55 189 751 20
1212	145075	63	43 40 36 34 755 42 188
4654	38904	63	101 1487 41 37
4654	4352	63	64 476 16 1487 41
1218	65604	63	9 384 124 126 64 51 40 339 646
4634	97081	63	43 40 595 207 4
1209	113896	63	55 189 751 66 429 197 755 384 155 151 37
1209	130610	63	861 105 36 34 755 188 37
1218	74325	63	18 51 40 520 17 67 384
4654	198002	63	64 476 101 1487 41
4642	244189	63	0 99 133 139 755 384
1756	25268	63	53 52 4 487 44 43 40 528 4
1668	121097	63	790 447 8 4 23 755 37
4621	161240	63	55 189 751 17 23 755
1756	127666	63	43 46 528 487 44
4506	165649	63	36 34 302 447 9 37
1752	46783	63	0 43 40 387 17 67
4654	137384	63	71 5 48 1487 41 37
4501	219337	63	62 97 65 106 132 9 384
5241	119600	63	828 572 189
1666	147067	63	0 4 9 384 720 447 64 73 54
4654	199782	63	5 101 1487 41 37
4644	79462	63	66 998 29 544 328 123 23 117 8
1755	9752	63	296 544 302 447 29 326
1752	151772	63	9 384 525 755 17 67
1756	204951	63	487 44 29 192 66 294
1216	134553	63	9 384 117 321
4614	7523	63	240 243 163 259 62 97 65 755 188
1752	226547	63	18 196 755 17 67
4644	165736	63	755 384 114 115 71 5 29 544 328 123
1756	240093	63	487 44 412 294 29 192
4636	219916	63	36 34 302 29 192 447
2099	130212	63	0 5 251 510 9 384
1212	61899	63	0 99 755
4651	34680	63	142 190 64 468 479 4 37
4636	65646	63	302 447 36 34 302 29 192 447
1752	175065	63	9 483 67 18 51 40 17 23 755 67
1756	84729	63	755 330 329 329 329 487 44 29 192
4615	148943	63	755 384 71 5 51 40 68 649
1752	230171	63	18 196 755 384 124 126
1752	63143	63	387 384 17 67
1756	152991	63	66 190 608 4 487 44 64 29 192
1756	56987	63	487 44 64 29 192 188
1209	50758	63	452 121 387 384 71 5 51 40 68 649
1752	224275	63	401 1087 17 663
1748	79215	63	9 483 9 36 34 62 755 37
1752	198601	63	43 40 17 23 755 280
1758	144135	63	14 15 30 755 166 108 895 699 193 117 64 43 40 153 313
4612	159014	63	9 483 525 879 306 755 384
1671	135904	63	43 46 106 189 751
1214	6473	63	9 398 265 384 12 36 34 181 411 755 37
1756	196622	63	487 44 43 40 46
4506	198268	63	64 1163 755 1163 9 4 37
4642	51234	63	189 751 133 139
4643	151563	63	14 15 30 755 29 544 328 123 42 58
1752	143384	63	43 40 755 17 67 384
4642	179248	63	0 17 99 755 67
4612	208661	63	9 398 36 34 181 755 37
4636	157340	63	66 455 642 487 44 29 192
4654	241357	63	48 1487 41 40
1752	170699	63	43 40 755 17 59 221 67
1750	233590	63	189 751 43 40 133 139
1212	54570	63	43 40 46 755 188
1218	136094	63	14 15 30 755 18 51 40 9 384 124 126
1752	241693	63	43 40 17 23 755
4644	31513	63	189 751 114 115 252
1212	217485	63	755 344 329 329 329 642
4625	237569	63	0 18 51 40 84 55 189 751
1748	229814	63	9 483 525 755 95 66 1140 71 5 11 2 114 115 37
2083	147570	63	43 40 456 368 9 384
1750	22223	63	267 269 128 404
4612	209040	63	9 384 525 9 23 755 37
4636	69917	63	36 34 302 447 73 190 608
4625	24658	63	29 192 189 751
4501	81251	63	755 188 36 34 106 132 9 384 37
4625	213859	63	0 4 189 751 64 29 192
4506	92576	63	36 34 1163 755 1163 9 40
4660	234541	63	26 338 117 8 17 67
4636	155808	63	755 384 487 959 29 192
1752	240100	63	755 17 42 188
1756	27337	63	66 455 687 66 190 608 487 44 29 192
1209	169350	63	0 94 14 15 755 384 55 51 40 5 47
1752	112539	63	0 43 40 17 23 755
1755	137616	63	23 755 29 544 328 123
1212	248383	63	14 15 30 755 43 40 193 117
1212	94293	63	43 46 45 23 387 384
4629	225509	63	0 755 188 67 37
1756	244388	63	333 455 487 44 29 192
4641	62091	63	0 99 106 132 9 483
1666	94307	63	66 447 64 73 294
1209	12816	63	755 188 5 51 40 68 649
2214	92119	63	43 40 521 236 9 384 829 485 828
1212	114203	63	205 19 755 384 4
1755	196757	63	18 51 40 364 23 302 334 447
1752	86925	63	18 51 40 0 755 17 67 384
4629	194695	63	205 19 101 755 384 450 369
1756	221572	63	755 188 5 487 44 37
1752	2758	63	18 51 40 755 384 84 117 8
1668	220748	63	55 790 447 36 34 387 384 37
1668	214230	63	790 447 66 294 29 192 188
2114	110242	63	387 384 85 483 7 138
4644	159915	63	51 40 328 367 95 384
1212	39757	63	0 99 755 78 188
1212	176150	63	205 593 14 15 30 755 124 126 67 5 29 326 45 23 181 452 121
4643	162601	63	755 384 84 42 58
1665	1665	63	23 106 132 9 483 755 384 37
1756	188329	63	720 487 959 64 29 192
1212	47439	63	14 15 163 259 39 17 42 14 15 30 755
1752	176974	63	240 243 30 755 18 51 40 452 121 17 67
4625	97058	63	36 34 755 14 329 329 329 37
4629	200822	63	43 40 101 17 42 0 4 755 384 41 44 67
1666	151695	63	9 384 328 123
4636	152055	63	487 44 205 19
1666	33199	63	9 384 720 64 73 54
1756	69376	63	412 190 608 487 44 29 192
1752	187391	63	18 51 40 0 4 14 15 30 755 17 23 57
4636	224879	63	387 384 487 44 29 192
1752	70123	63	43 40 755 17 67 188 20
2214	65362	63	236 828
1666	41208	63	0 51 40 328 367 9 384
1212	217496	63	30 755 43 40 452 121
1670	185362	63	290 678 14 15 755 384
1212	160890	63	14 15 30 755 205 19 193 117
1752	101303	63	18 51 40 14 15 30 755 17 23 57 67
1668	104327	63	790 447 9 384 4 487 44 64 29 192
1752	168556	63	755 17 42
1752	176014	63	55 189 751 18 51 40 755 17 67 188
1758	1241	63	0 452 121 14 15 30 755 94 895 699 193 117
1756	43891	63	755 188 43 40 528 487 44
1670	227429	63	30 755 290 678
1750	39042	63	0 5 267 269 755 384
1750	27460	63	205 19 267 269 755 384
1756	187697	63	487 44 43 46 595 528
1757	191352	63	16 1487 41 40
1748	138517	63	106 132 9 483 36 34 181 755 37
1216	188582	63	9 387 384
1210	43752	63	296 225 189 751 64 29 192
1752	93780	63	43 40 755 17 59 221
4506	239851	63	36 34 1163 328 9 384 37
4647	183693	63	9 384 1848 447 452 121
1209	168887	63	333 15 519 36 34 452 121 37
4612	35610	63	251 510 9 483 45 23 755 37
1752	8600	63	0 43 40 755 17 67 188 67
2099	729	63	205 19 66 411 632 9 483
1213	150372	63	14 15 30 755 487 959 29 192
1212	86719	63	43 40 46 45 23 755 384
1750	100449	63	267 269 14 15 755 188
1214	116410	63	9 483 525 36 34 879 306 755 384 37
1756	187638	63	755 333 329 329 9 29 192
1756	117015	63	487 44 219 17 219
1216	62501	63	0 14 15 30 755 43 46 9 384
4641	64831	63	106 132 9 384 5 350 443 176 37
4636	163233	63	608 487 44 64 29 192
4625	65965	63	23 755 29 192
4614	222016	63	755 66 455
1756	74598	63	487 44 66 294 29 192 188
1752	176349	63	755 384 18 51 40 84 55 117 8
4625	66611	63	43 40 84 55 189 751
4506	110756	63	36 34 106 132 251 510 9 483 37
1756	148622	63	142 190 55 487 44 37
4614	40476	63	121 103 43 40 452 121 14 15 30 755
1756	15416	63	487 44 55 37
2099	121483	63	18 51 40 17 23 66 411 9 384
1756	83024	63	487 44 29 543
1756	234952	63	608 487 959 29 192
1755	128906	63	755 384 36 34 302 29 192 447
1756	72338	63	302 447 207 29 192
2099	58292	63	36 34 66 411 632 9 483 37
2083	228583	63	39 17 42 9 384 445 25
4625	150285	63	0 23 755 29 192
4501	94058	63	43 40 316 35 106 132 9 384
1755	219129	63	14 15 30 755 302 73 447
1670	247351	63	290 678 755 188
1750	71395	63	267 269 755 384
1666	32010	63	51 40 328 367 9 384
1212	87310	63	0 23 17 23 755 188
1756	148665	63	142 190 755 384 487 44 43 40 528
4647	55077	63	0 23 17 23 1848 447 9 384
1212	30041	63	755 384 43 40 452 121
4642	188587	63	23 17 23 133 139 755 384
1667	217000	63	9 384 525 189 751 197 356 355 37
1218	9966	63	18 51 40 638 16 17 23 9 384
1755	242305	63	14 15 30 755 36 34 302 73 447
4647	168094	63	452 121 790 447 9 384
1665	50508	63	36 34 106 132 251 510 9 384 40
1216	167853	63	0 755 4 14 15 30 755 4 387 384 43 40 9 384
1209	44551	63	14 15 30 755 452 121 68 649 64 51 40
1755	201963	63	36 34 302 73 190 608
1209	164157	63	75 871 786 36 755 37
1670	217632	63	14 15 30 755 678 105
1752	238647	63	452 121 387 384 18 51 40 124 126
1209	241602	63	1487 41 17 30 36 34 755 37
4636	248652	63	720 487 44 29 192
4651	233178	63	142 190 755 188 64 468 4 37
1671	44951	63	14 15 30 755 36 34 106 189 37
1212	121501	63	14 15 16 36 34 755 188 37
2083	16223	63	62 10 9 384