114
115
117
118
124
125
155
156
157
158
159
165
166
193
194
221
223
224
225
226
263
264
265
267
269
271
402
403
404
405
406
407
409
411
412
413
414
415
417
418
419
420
421
422
423
425
426
427
428
429
452
590
606
607
999
1000
1001
1002
1003
1004
1201
1229
1231
1333
1334
1392
1393
1394
1401
1408
1409
1410
1411
1412
1413
1469
1471
1472
1473
1474
1486
1487
1488
1491
1492
1494
1495
1496
1498
1621
1622
1623
1624
1731
1732
1763
1764
1765
1766
1770
1798
1802
2128
2637
3185
3187
3188
3191
4077
4078
4422
4423
4484
4721
4722
4749
4795
4857
4884
5145
5187
5196
5197