1613	26441	11	43 40 452 121 588 209
3194	108336	11	59 61 176 230 66 190
167	51805	11	121 103 43 40 178 588 254
167	191602	11	43 40 178 588 209 254
2120	59826	11	43 40 122 59 259 501 494 885 26
3194	59663	11	0 5 60 63 554 779 41 44 43 40 60 63
2120	2291	11	205 19 343 312 14 15 494 885 26
3194	13292	11	43 40 60 872 263 59 61
1613	42165	11	43 40 193 14 15 588 209
446	189887	11	205 19 95 273 14 15 609 143 117
3194	34222	11	60 63 10 873 43 40 84 55 872 263
167	197289	11	0 5 177 178 0 4 588 209 254 255
3194	65464	11	18 51 40 268 248 60 63 872 263 41 44
167	29139	11	588 209 254 255 64 441 228 1515 1 322 12 99 5 177 178
3194	107109	11	43 40 62 142 65 554 872 263
167	231339	11	99 177 178 588 209 254 255 12 17 645 17 23 117 8 130 128 6 7
167	101705	11	0 5 177 178 588 209 254 255 12 0 142 471 177 178 17 67 12 483 550 551 341 177 178
167	133064	11	588 209 254 17 23 178 37
1613	197436	11	14 15 65 25 43 40 193 588 209
167	86024	11	14 15 609 143 117 43 40 177 178 588 209 254 542
3194	189952	11	0 43 40 60 63 872 263 894 4 41 44 342
3194	150759	11	0 5 554 894 894
3194	207162	11	59 61 779 2077 174 393 97 607
3194	158095	11	60 63 4 396 195 84 55 872 263
3194	227033	11	872 263 41 44
2123	39166	11	14 15 163 259 494 885 26 64 43 40 182 408 4
3194	205653	11	43 40 16 257 872 263
3194	25033	11	0 99 554 779
1613	219757	11	205 19 452 121 588 209
3194	249838	11	0 99 554 364 894 894 43 40 60 63
3194	103475	11	84 55 872 263 60 63 174 607
167	218806	11	177 178 588 209 254 255 18 568 1677 586 1469 484 199 2281 478 4421 125 561 143
446	75455	11	22 433 95 273 14 15 609 143 117
167	83638	11	177 178 588 209 254 255 568 236 67 131 134 12 99 109 254 542 178 8 221
2119	49350	11	14 15 494 885 26 64 51 40
167	132186	11	588 209 254 177 178 66 95
446	246450	11	18 51 40 95 273 17 67 14 15 609 143 117
3194	161863	11	872 263 39 285 1150
1613	116159	11	22 433 16 205 19 193 588 209
1613	63580	11	14 15 163 259 588 209 43 40 193
167	204687	11	0 99 177 178 609 143 117 588 209 254 255 13 205 19 177 178
167	22284	11	0 99 178 588 209 254
167	102008	11	109 0 4 588 209 254 255 177 178 18 716 143 637 886 708 2 2317 708
2122	213386	11	494 885 26 107 1863 64 51 40
167	55242	11	71 5 177 178 588 209 254 255 716 1677 586 747 383 347 22 90 417
3194	82988	11	0 99 60 63 66 190 872 263 948 409 41 44 12 62 97 736 60 63
3194	49675	11	62 97 60 63 872 263 1972 631
167	90262	11	0 71 5 177 178 588 209 254 255 12 17 318 321 43 40 496 792 121 53 52 550 550 551 792 992
167	172601	11	588 209 254 255 36 34 178 37
2121	105424	11	259 501 494 885 26 18 51 40 17 23 106 201
3194	238532	11	0 99 60 63 59 61 894 894 43 40 60 63
3194	209493	11	43 40 60 63 872 263 41 44
167	136191	11	588 209 254 255 337 336 568 137 144 17 62 319 131 134 568 452 121 177 178
3194	244300	11	0 99 60 63 872 263 894 432 97 65 60 63 872 263
3194	171746	11	55 66 68 894 894 5 554 43 40 60 63
1613	19559	11	747 748 588 209
3194	98126	11	43 40 60 63 894 894 285 1150 1972 631
3194	15490	11	43 40 62 872 263 65 60 63 139 44
3194	69606	11	99 109 894 894 631 59 266 43 46 316 35
3194	195513	11	0 5 554 872 263 779
167	53814	11	0 99 178 588 209 4 254 255 127 205 19 316 35
1613	112361	11	0 99 193 588 12 43 40 234
167	125328	11	177 178 588 209 254 255 12 14 15 4 588 209 254 255
3194	94811	11	43 40 60 63 894 894 59 61 41 44
3194	210692	11	43 40 109 894 554 67
3194	22037	11	872 263 220 43 40 60 631 307 31
1613	55028	11	43 40 496 193 117 588 209
1613	156415	11	0 99 62 240 243 16 25 193 66 190 588 209
446	237706	11	22 433 822 4 14 15 609 143 117 43 40 95 273
3194	156309	11	43 40 60 63 894 4 41 44
3194	96306	11	0 99 103 66 95 872 263 43 40 554
3194	250035	11	554 872 263 779
1613	107338	11	43 40 45 23 193 588
2123	119326	11	259 501 494 885 26 1055 1060 205 19 815 3315
167	220520	11	588 209 254 205 19 521 178
167	23240	11	36 34 177 178 588 254 37
3194	45427	11	543 311 894 43 40 554
167	36483	11	588 209 254 255 177 178 12 1932 418 484 3538 1 403 177 178 155 402 978 1283 105 381 562
167	61392	11	0 99 109 588 209 254 255 177 178 155 402 877 898 588 209
3194	194130	11	0 55 66 68 737 63 737 29 894 5 59 305
3194	118858	11	43 46 60 63 872 263
3194	86945	11	0 55 66 364 894 894 99 5 554 67
1613	247949	11	43 40 193 588 209 4
167	95119	11	2 582 2049 1569 991 561 177 178 211 1223 113 127 205 71 5 177 178 588 209 254 255 12 36 434 104 407 452 121
2122	233394	11	259 501 494 885 26 302 536 66 95 36 34 530 29 192 188
1613	77079	11	43 40 182 408 14 15 193 588
1613	245604	11	609 143 588 209 43 40 193
1613	88147	11	14 15 16 4 588 209 43 40 496 4
1613	63895	11	205 19 193 117 14 15 588 209
3194	137184	11	872 263 62 97
3194	47185	11	205 19 60 63 983 894 685 108
1613	51109	11	588 209 62 97 65 193 117
3194	177216	11	0 99 60 63 872 263 894 43 40 60 63
2119	6511	11	51 40 64 259 501 494 885 26
3194	209923	11	60 63 65 84 55 872 263 894 142 396 195
2123	201064	11	43 40 1006 133 14 15 163 259 494 885 26 4 1219 121 237
3194	9749	11	205 19 20 554 872 263
3194	228969	11	872 263 41 44 12 18 51 40 60 63 17 67
3194	11718	11	872 263 894 62 97 65 60 63
2121	55600	11	259 501 494 885 26 268 248 106 201
3194	33634	11	0 99 103 103 127 205 593 55 872 263 99 5 554 43 40 60 63 1093
2119	150312	11	14 15 163 259 494 885 26 64 51 40
1613	250467	11	588 209 5 43 40 193
167	28719	11	53 848 12 0 4 588 209 99 178 254
167	111222	11	205 593 521 178 588 254 255
1613	108719	11	0 99 103 66 95 205 593 99 62 277 305 79 527 687 193 66 190 588 209 129 396 4 12 262 884 64 51 40
1613	133065	11	0 99 62 14 15 16 193 66 190 588 209
167	107215	11	0 99 177 178 588 209 254 255 12 129 132 4 254 542 867 67 532 190 542
167	19849	11	205 593 177 178 588 209 254 255
3194	71808	11	142 65 25 84 55 60 63 872 263 41 44 171 100
2123	234018	11	78 193 190 26 407 404 12 18 51 40 84 55 259 501 494 885 26 4 113 648
167	56516	11	84 55 177 178 588 254 142 190 174 607
3194	133641	11	201 62 60 872 263 43 40 496
2122	100076	11	182 408 494 885 26 525 43 40 530 188
3194	36593	11	554 872 263 62 97 60 63
1613	163749	11	193 588 43 40 193
167	176929	11	0 99 177 178 588 4 254 255 12 43 40 177 178
3194	12004	11	84 55 872 263 396 195
167	126449	11	0 5 236 588 254 43 40 236
3194	118463	11	0 99 5 554 894 894
167	246802	11	0 99 177 178 588 209 254 255 12 121 222 162 550 836
3194	178805	11	121 103 0 5 554 872 263 779 43 46 62 14 15 163 259 316 35
3194	245066	11	872 263 59 61 43 40 60 63
167	110762	11	43 46 177 178 0 4 588 209 254 255
3194	77167	11	0 55 779 5 631 26 12 43 40 60
3194	9277	11	872 263 62 97 60 63
2123	112481	11	290 289 259 501 494 885 26
3194	122619	11	0 103 66 95 0 43 40 60 63 872 263 41 44
167	210718	11	0 99 109 0 588 209 254 255 177 178 66 95 485 37
2121	185895	11	259 501 494 885 26 106 201 17 67
3194	73707	11	0 99 60 63 66 68 554 894 4 41 44 12 43 40 39 17 42 872 263 67
167	158297	11	177 178 588 209 254 255 12 178 18 770 582 1332 501 714 3518 522 599 1469 922 55 572 131 134
3194	233642	11	60 872 263 139 44
3194	146481	11	0 971 66 364 2 4 897 1245 1183 543 894 12 1090 208
167	55380	11	43 40 177 178 129 132 4 14 15 588 209 254
3194	177080	11	43 40 84 55 60 63 872 263 41 44 4 171 100 67
1613	133693	11	268 248 193 588
1613	112157	11	205 19 290 289 193 588
3194	32368	11	43 46 60 63 872 263 41 44
2121	38488	11	494 885 26 205 19 106 201
3194	68598	11	84 55 872 263 894 894 12 43 40 60 63
3194	95337	11	60 63 872 263 41 44 164 332
3194	108432	11	0 99 60 63 2176 1039 1669 4 41 44
3194	192227	11	43 40 60 63 872 263
3194	237612	11	554 894 60 63 62 97 65
1613	55760	11	205 19 193 588 280
3194	52840	11	43 40 60 63 605 207 1972 378 894 894
1613	365	11	14 15 16 43 40 193 588
167	187845	11	205 19 177 178 588 254
3194	119315	11	205 19 554 872 263 894
1613	44503	11	205 19 955 182 218 588
3194	28226	11	1972 631 262 674 779
3194	153410	11	0 36 34 554 872 263 37
2122	17132	11	259 501 494 885 26 43 40 530 107 1863
3194	5230	11	554 894 894 43 40 496 20
3194	226822	11	60 63 554 543 894
1613	1704	11	0 5 747 748 190 588 209
1613	203630	11	43 40 62 14 15 163 259 16 193 588 209
3194	249855	11	0 99 109 0 4 894 894 464 42 300 16
167	101747	11	0 52 64 190 26 4 12 84 55 148 128 145 146 12 71 5 177 178 588 209 254 255
1613	8964	11	43 40 193 588 209 20
2121	155115	11	259 501 494 885 26 106 201 106 17 59 221
167	180737	11	177 178 588 209 254 255 12 177 178 588 209 195 255 12 177 178 131 134 195 255
1613	106511	11	121 103 0 4 14 15 43 40 193 117 609 209
2122	175553	11	259 501 494 885 26 302 536 43 40 530 188
1613	119752	11	53 52 14 15 588 43 40 193
1613	107209	11	615 445 39 17 42 193 117 588 209 280
167	224552	11	43 46 177 178 588 209 254
3194	137954	11	201 62 190 26 60 63 17 67 872 263 41 44 67 37
1613	236057	11	142 190 16 25 43 40 193 117 588 209
2119	118669	11	14 15 494 885 26 64 196
167	155121	11	786 818 407 404 588 209 254 255 36 34 177 178 37
2121	131535	11	259 501 494 885 26 12 4 107 1863 5 43 46 106 201
3194	125617	11	17 23 60 63 554 894 894 4 37
3194	38983	11	60 63 65 25 84 55 872 263
1613	76865	11	0 99 193 588 43 40 316 35
167	225162	11	235 46 177 178 588 209 254 255
1613	116610	11	62 14 15 193 588 209 43 40 452 121
1613	102559	11	14 15 163 259 193 588 209 43 40 496
3194	147115	11	779 1309 59 61 43 40 60 63
447	204307	11	609 143 117 317 451 17 67
1613	200121	11	99 103 66 95 324 52 14 15 163 259 64 36 34 193 588 209 4 37
1613	39874	11	0 99 5 193 117 588 209
3194	52587	11	779 1309 285 1150 41 44 43 40 60 63
446	233424	11	14 15 609 143 117 22 433 891 649 62 97 65 95 273
1613	210437	11	99 193 277 305 79 588
2123	180944	11	259 501 494 885 26 43 40 114 115 117 8
1613	216109	11	0 99 5 193 66 190 588 209
167	80671	11	14 15 163 259 65 25 4 588 209 254 255 118 17 23 177 178
2123	92650	11	43 40 193 117 14 15 494 885 26
3194	123612	11	23 60 63 872 263 41 44 37
3194	162656	11	18 51 40 605 207 631 872 263 0 17 23 60 63 41 44
3194	183680	11	554 894 4 41 44 10 97 65 60 63
3194	124054	11	0 5 60 63 554 894 4 41 44
3194	46842	11	60 63 41 44 65 84 55 872 263 142 66 687
259	174275	11	130 128 300 708 62 97
2123	62326	11	155 18 494 885 26 62 97 190 171 100 301 408 280
3194	219403	11	554 894 62 97 60 63
1613	17847	11	18 51 40 268 248 193 588
3194	2562	11	872 263 1972 631 12 43 40 60 63
1613	179837	11	121 103 205 19 62 14 15 193 588 209
7852	203569	11	259 501 494 885 26 92 349 67
3194	159952	11	18 51 40 60 17 67 872 263 4
3194	162151	11	0 142 65 55 66 364 262 674 894 894 12 55 84 55 26 107 1150
2122	33709	11	0 144 147 290 289 155 151 259 501 494 885 26 67 12 43 40 268 248 302 536 41 44
2119	39117	11	14 15 494 885 26 64 17 64 288 26
3194	135883	11	60 63 872 263 894 631 1150 41 44
2119	73314	11	14 15 494 885 26 64 51 40 339 646
2121	181013	11	14 15 494 885 26 65 530 4 188 18 196 106 17 59 221
2121	230687	11	155 18 14 15 494 885 26 17 23 106 201
2121	147845	11	494 885 26 12 64 17 64 17 23 106 201 67
3194	145892	11	872 263 894 62 97 190 396 195
1613	122652	11	18 51 40 609 143 117 193 17 67 588 209
3194	190933	11	18 51 40 920 396 60 63 17 470
167	147787	11	588 209 254 255 43 40 46 177 178
1613	157086	11	43 40 747 748 588 209
2121	4884	11	259 501 494 885 26 12 205 19 106 201
3194	158773	11	141 136 872 263 779 62 97 65 554
3194	214124	11	99 60 63 872 263 285 1150
3194	131257	11	205 19 60 63 872 263 1972 631
3194	49091	11	872 263 60 63 39 17 42
1613	178801	11	235 193 117 588 209 20
3194	133977	11	205 19 208 554 894 894
3194	170981	11	1308 489 36 828 1669 56 983 131 1669 1077 639
3194	211537	11	60 63 17 67 285 1150 872 263
2122	215744	11	14 15 494 885 26 43 40 595 528 107 1863
3194	66404	11	201 62 60 63 872 263 43 40 17 485 67
3194	231743	11	60 872 263 285 1150 1972 631
167	52243	11	205 19 521 178 588 209 254 255
3194	22213	11	0 5 59 554 872 263 894
3194	128560	11	43 46 60 554 894 41 44
167	22222	11	588 209 254 255 177 178 18 770 1647 1644 501 703 172 170 743 1897 566 1658 22 433 147 148 510
3194	238580	11	18 51 40 17 23 60 63 872 263 4 41 44
2119	99550	11	259 501 494 885 26 341 196
167	172034	11	71 5 177 178 588 209 254 255
3194	201536	11	78 555 431 54 525 522 55 5 60 63 894 894 4 302 396 43 40 234
2123	76219	11	14 15 494 885 26 12 290 289
3194	94972	11	266 97 554 872 263 894
2121	184695	11	494 885 26 18 51 40 17 23 106 201
3194	204574	11	143 65 55 2266 543 894 99 317 422 535
2122	7502	11	14 15 494 885 26 43 40 530 188
1613	6720	11	205 19 62 14 15 193 588 20
167	108532	11	588 209 254 255 5 177 178
2119	2523	11	14 15 163 259 259 501 494 885 26 64 903 51 40 4
1613	215015	11	0 99 62 14 15 16 193 190 588 209
3194	178696	11	55 737 63 737 29 5 631 26
2119	99294	11	14 15 494 885 26 64 51 40 20
1613	42093	11	0 99 67 343 205 19 62 14 15 193 16 218 407 404 588
1613	213793	11	121 103 43 46 45 23 62 14 15 16 193 588
167	107429	11	0 71 5 177 178 588 209 254 255 12 82 18 201 62 341 395 1343
167	37923	11	43 40 178 588 254
3194	112207	11	872 263 285 1150 41 44 60 631 17 67
3194	38813	11	60 63 65 471 84 55 872 263
167	210770	11	588 254 521 178
3194	202698	11	43 40 60 63 554 894
3194	110968	11	43 40 17 23 60 63 872 263 41 44 67
1613	125318	11	121 103 12 43 40 193 117 14 15 588 266
3194	192588	11	43 40 60 63 1972 631 894 894
3194	183428	11	0 5 302 63 872 263 4 18 51 40 60 63 17 67
167	203871	11	521 236 588 209 254 542
2123	25385	11	205 19 341 259 501 494 885 26
3194	222359	11	43 40 60 63 872 263 1572 1150 41 44
3194	227026	11	60 63 65 84 55 36 34 60 63 872 263 4
167	224590	11	36 34 178 588 209 254 542 37
3194	171179	11	99 60 63 872 263 17 318 43 40 496
3194	184983	11	43 40 60 63 872 263 285 1150
2122	37597	11	259 501 494 885 26 60 631 51 40 41 44 12 36 34 530
3194	170289	11	872 263 755 1077
167	71963	11	205 19 521 178 588 254
1613	121964	11	14 15 588 209 43 40 193 4
3194	86502	11	0 99 62 142 16 25 554 872 263 894 12 506 319 43 40 60
167	128948	11	18 51 40 17 23 178 588 209 254
167	229998	11	0 23 177 178 588 209 254 255 37
3194	143413	11	0 5 59 61 66 364 894 894
1613	31304	11	43 40 62 14 15 65 25 193 588
3194	156850	11	60 63 17 67 872 263 41 44
167	138481	11	0 99 178 588 209 254 542
3194	88230	11	0 99 5 62 228 478 16 60 63 554 872 263 779 12 43 40 316 35 20
3194	242118	11	301 408 445 25 525 39 17 42 872 263 60 63 4 705 408 191
3194	233838	11	60 63 65 25 84 55 872 263 396 195
3194	246333	11	62 97 60 63 872 263 285 1150
3194	154566	11	205 19 59 61 872 263 779
2121	217521	11	14 15 259 501 494 885 26 65 4 107 1863 106 17 67 201 176 43 40 234
2123	155302	11	18 51 40 78 301 259 501 494 885 26 364 55 277 279 237
167	106475	11	0 71 5 521 178 588 209 254 255
167	223886	11	0 5 177 178 588 209 254 255 178 18 770 407 637 429 559 968 60
2123	129949	11	43 46 290 289 259 501 494 885 26
3194	159641	11	0 99 60 63 872 263 41 44 12 43 40 60
167	229274	11	588 254 43 40 178
167	31627	11	452 121 177 178 131 134 588 209 254 255 18 568 358 259 736 192 549 842 55 572 131 134
446	10700	11	0 5 95 273 66 190 14 15 609 143 117 18 51 40 95 273 17 67 20
2119	244666	11	10 190 259 501 494 885 26 64 51 40 339 646 280
3194	24087	11	23 60 63 554 894 4 41 44 37
1613	68593	11	609 143 43 40 193 117 588 209
3194	87154	11	0 43 40 554 779 280
167	189489	11	0 99 178 178 588 254
1613	163440	11	554 79 588 209 43 40 193
3194	139520	11	43 46 60 63 872 263 1972 631
1613	108119	11	0 99 67 343 43 46 62 14 15 163 259 16 193 588
3194	73440	11	0 5 208 66 364 894 894
2119	15234	11	494 885 26 64 196 339 646 568 903 574 57 4
167	68814	11	0 5 177 178 588 209 254 255 12 5 534 533 104 407 12 0 4 22 24 64
1613	68050	11	121 103 43 46 193 117 588 209
167	25857	11	14 15 588 209 41 44 177 178
3194	36857	11	43 40 60 63 554 543 894
3194	247891	11	43 40 60 63 285 1150 872 263 4 307 31
3194	87074	11	0 43 40 62 228 478 16 25 60 208 206 872 263 894 41 44 20
3194	157919	11	208 61 1154 1952 872 263
3194	230975	11	60 63 65 84 55 872 263 4 174 607
167	210997	11	177 178 588 209 254 255 12 772 466 302 466 395 1343 177 178 18 568 111 3181 1170 395 1343
167	183922	11	43 40 178 609 143 254 255
1613	93592	11	62 14 15 16 43 40 193 588
1613	297	11	193 117 14 15 588 209
167	144558	11	521 178 588 254 542
3194	237224	11	60 63 396 195 84 55 872 263
3194	114760	11	872 263 205 19 60 63 280
259	69345	11	341 190 130 128 300 708
446	102307	11	22 433 16 205 19 95 273 609 143 117
3194	48023	11	121 103 43 40 60 63 872 263 285 1150
3194	248305	11	43 40 1572 554 872 263
3194	174555	11	36 34 554 277 305 872 263 37
1613	174053	11	43 46 36 34 193 588 209
3194	228219	11	43 40 301 408 872 263 667 25 60 1350 872 263 107 1150 41 44
167	157422	11	99 5 177 178 588 209 254 255 12 205 19 521 178 588 209 254 255
1613	219969	11	62 14 15 163 259 16 193 588 43 40 193
167	16068	11	588 209 254 542 423 337 67 12 43 40 234
167	95743	11	23 521 178 588 209 254 542 37
167	191446	11	0 5 178 588 254
167	117579	11	550 0 177 178 95 588 209 254 255
2123	59978	11	39 17 42 163 259 494 885 26 113 648
1613	3132	11	43 40 748 677 609 209
3194	227268	11	205 593 60 63 872 263 41 44
3194	6172	11	60 17 67 872 263
3194	250470	11	0 99 208 206 894 894
2123	64875	11	43 40 155 18 494 885 26
1613	169143	11	121 103 0 5 62 14 15 163 259 193 190 588 64 43 40 193 4
1613	16882	11	14 15 163 259 300 43 40 193 588
259	150205	11	14 15 130 128 300 708 62 10
167	56362	11	0 71 5 177 178 95 588 209 254 255 149 588 209 254 255 178 18 402 1243 88 1134 1034
3194	120345	11	121 103 43 40 60 63 872 263 894 554 4
3194	87694	11	0 99 554 779 12 150 64 39 17 42 60 63 4 171 100
3194	125185	11	543 894 43 40 554
3194	28797	11	872 263 17 23 60 63
3194	174253	11	60 63 872 263 779 62 97
447	210521	11	14 15 609 143 117 22 433 43 40 317 451
167	201918	11	43 46 521 178 588 254
2119	217152	11	259 501 494 885 26 127 64 903 51 40 57 4
167	171646	11	0 4 588 209 254 255 18 51 40 17 23 177 178
167	81757	11	0 71 5 178 951 588 254 255 43 40 178
3194	5568	11	0 99 1972 631 872 263
167	97563	11	71 5 452 121 177 178 588 209 254 255 568 17 318 321 43 40 522 110 848 573 57
3194	219737	11	43 40 60 554 872 263 41 44
3194	44340	11	43 40 60 63 605 207 285 1150 894 894
3194	112721	11	554 872 263 43 40 60 63 20
1613	32116	11	36 34 62 14 15 163 259 193 588 37
446	101381	11	205 19 95 273 14 15 609 143 117 22 433 822
3194	135106	11	60 63 1622 4 41 44 62 97 65 60 63
167	222579	11	588 209 254 255 521 178
2123	20070	11	205 19 182 408 259 501 494 885 26
1613	153437	11	43 46 193 117 14 15 588 209
1613	67465	11	121 103 23 62 14 15 163 259 193 588 37
1613	223540	11	121 103 12 43 46 62 14 15 16 193 66 190 588
3194	167344	11	0 99 109 872 263 463 62 222 195 26 605 207 6 1150
3194	165311	11	18 51 40 84 55 872 263 60 63
3194	90700	11	59 61 894
3194	143867	11	201 62 17 23 60 63 872 263 41 44 37
446	48894	11	14 15 609 143 117 43 40 95 273
3194	251464	11	872 263 43 40 17 23 60
3194	230066	11	43 40 60 631 894 894 208 206 41 44
3194	27848	11	97 65 60 63 872 263
3194	37429	11	0 5 60 63 872 263 285 1150 41 44 12 150 39 17 42 408 191
3194	241148	11	554 894 911 1123 97 66 396
1613	149261	11	99 62 14 15 193 588 209
3194	111341	11	0 60 63 4 64 872 263 41 44
1613	103694	11	609 209 205 19 193 117
3194	75943	11	0 5 1972 631 779 12 62 97 65 36 34 869 1129 280
167	148721	11	205 71 5 177 178 588 209 254 255 12 36 434 104 407 452
167	177601	11	588 254 205 19 521 178
1613	52434	11	53 52 142 190 43 40 62 14 15 163 259 16 25 43 40 193 588
3194	170482	11	43 40 60 63 872 263 779
3194	16547	11	0 62 402 60 63 403 252 84 39 42 60 63 872 263 4 280
3194	49594	11	205 19 59 61 872 263 894
3194	127028	11	0 99 60 63 554 779 4 41 44
167	44449	11	0 4 479 473 588 209 254 255 268 248 521 178
2122	44589	11	18 51 40 259 501 494 885 26 78 555 1083 642
167	135977	11	588 209 254 521 178
1613	86338	11	0 64 1 253 147 272 12 0 43 40 193 117 0 4 588
167	50670	11	588 209 254 255 201 62 177 178 29 411 12 66 411 18 196 495 177 178 17 67 20
167	128259	11	0 99 177 178 588 209 254 542
3194	228560	11	0 43 40 60 63 59 61 872 263 41 44
3194	194625	11	0 5 60 63 59 61 894 894 41 44 43 40 57
3194	182368	11	0 99 208 554 894 894
1613	151759	11	235 46 193 588 209
2119	922	11	259 501 494 885 26 64 903 574 4
1613	243529	11	0 64 782 588 792 99 62 142 65 193 588 792 5 43 40 341
7852	85441	11	259 501 494 885 26 58 105 80 85
3194	231644	11	0 99 60 63 779 1309 127 43 40 60 63 342
3194	180215	11	43 40 60 63 779 1309 285 1150 67
3194	175421	11	0 99 60 63 872 263 59 61 41 44
1613	84115	11	143 474 172 637 279 177 61 525 407 404 588 205 19 193
1613	201404	11	43 40 193 522 190 26 588 209
3194	139940	11	43 40 60 63 779 1309 285 1150 41 44
1613	164201	11	0 99 193 66 190 588
1613	204955	11	43 40 193 117 190 26 588 209
167	140757	11	177 178 588 209 254 255 770 586 540 75 871 403 18 402 540 75 490 435 22 433 279 177 154 588
1613	43117	11	43 40 45 23 193 117 588 209
1613	211804	11	0 99 62 14 15 193 588 209
1613	185419	11	43 40 193 117 14 15 609 209
3194	99443	11	43 40 84 55 60 63 554 894 4
3194	135629	11	43 40 60 63 872 263 4 41 44
167	127573	11	60 63 41 44 43 40 178 588 209 254 542
2123	208140	11	155 18 494 885 26
3194	141410	11	0 99 60 63 554 894 41 44
2123	112005	11	205 19 155 18 14 15 259 501 494 885 26
1613	99237	11	43 40 127 193 117 588 209
3194	7229	11	43 40 60 63 554 894 894 342
167	59662	11	609 143 117 588 209 254 43 40 178
3194	143464	11	182 54 60 63 65 471 84 55 872 263 60 63
3194	176076	11	0 55 872 263 43 40 631 26
167	67369	11	60 63 4 588 254 30 548 17 485 12 17 117 8 12 36 64 0 5 178 588 254 62 97 65 178
2122	154835	11	259 501 494 885 26 43 40 199 42 107 1863
3194	123294	11	0 5 554 872 263 62 97 65 60 63
1613	102638	11	43 40 46 193 117 609 143 588 209
3194	209947	11	84 55 60 872 263 1972 631 4 171 100
167	163344	11	177 178 588 209 254 255 12 36 434 104 407 452 121 149 205 19 178
167	111289	11	0 4 588 209 254 255 43 40 178
3194	149634	11	43 40 60 63 206 195 26 285 1150 894 894
3194	8295	11	43 40 60 63 1972 631 543 779 4 139 44
167	116596	11	43 40 521 178 131 134 741 588 254 255
3194	34193	11	872 263 894 60 63 17 67
1613	237573	11	43 40 62 14 15 163 259 193 588 209
1613	207795	11	43 40 193 117 588 209 4
3194	168008	11	43 40 60 894 894 285 1150
167	243103	11	0 4 10 190 588 209 254 255 43 40 178
167	64542	11	588 209 254 255 205 19 177 178
3194	86183	11	43 40 60 63 779 1309
1613	95426	11	205 19 193 117 300 588
167	17980	11	121 103 43 40 177 178 588 254
167	1547	11	0 99 178 588 254 127 81 221 187 321 201 62 236 155 1135 899 492 127 145 146 495 236 67
3194	177958	11	0 142 471 55 894 894 5 554
3194	11373	11	43 40 60 63 894 894 285 1150 41 44
3194	208471	11	60 63 285 1150 41 44 62 97
1613	38667	11	99 5 193 190 300 588
1613	162547	11	765 43 40 193 588 209 280
3194	118536	11	0 99 39 26 285 1150 779 1309 12 43 40 316 35
3194	162145	11	43 40 60 63 554 894 894 280
3194	218845	11	121 109 60 59 61 872 263 4 164 332 60 222 0
3194	3748	11	0 43 40 60 63 872 263 605 207 631 1150 4 41 44
3194	169438	11	43 40 62 142 65 554 894
167	105422	11	609 143 588 254 521 178
3194	5225	11	205 19 60 63 872 263 779 285 1150
3194	243893	11	17 23 60 872 263 41 44 37
3194	161426	11	60 63 65 84 55 872 263 41 44
1613	56690	11	14 15 163 259 36 34 193 588 37
167	127093	11	82 236 67 2 4 485 128 12 71 5 177 178 588 209 254 255
3194	125940	11	84 55 872 263
1613	145600	11	43 40 46 62 14 15 16 193 588
167	128164	11	43 46 521 178 588 209 254
167	227612	11	0 99 177 178 66 95 10 190 588 209 254 255 12 34 132 1041 496 4 12 201 62 99 177 178 662
3194	156789	11	43 40 62 14 15 163 259 16 554 872 263
2123	11451	11	10 190 259 501 494 885 26 43 40 182 408
3194	18802	11	285 1150 872 263 41 44 60 17 59 266
1613	12223	11	205 19 747 748 588 209
167	126861	11	0 5 177 178 0 4 588 209 254 542
167	103358	11	178 588 254
167	36553	11	0 71 5 177 178 588 209 254 255
3194	49244	11	872 263 60 63 62 97 65
3194	34506	11	201 62 205 19 60 63 872 263 285 1150
3194	91760	11	554 872 263 60 63 17 16
1613	174542	11	205 19 452 121 193 143 661 588
167	39867	11	588 209 254 177 178
167	136887	11	81 969 588 209 55 254 255 12 201 62 99 521 236 254 255
3194	48562	11	0 99 59 61 66 364 872 263 894
1613	173025	11	43 46 62 14 15 300 16 193 588 209
167	170794	11	57 81 221 131 134 4 148 128 145 146 6 7 67 12 205 19 521 236 588 209 254 255
446	71885	11	0 99 95 273 14 15 609 143 117
1613	71331	11	14 15 163 259 588 209 43 40 193 117
167	31052	11	0 71 5 772 588 209 254 255 177 178 18 402 646 1650 117 1469 922
3194	98328	11	0 99 60 63 872 263 894 285 1150
167	61891	11	588 209 254 255 178 17 67
167	32279	11	588 209 254 542 36 34 177 178 37
1613	75053	11	121 103 43 46 62 14 15 163 259 16 193 300 588
1613	44448	11	193 588 71 5 51 40 68 649
3194	28042	11	0 99 109 894 894 554 67
1613	84684	11	193 14 15 588 209
1613	130544	11	193 522 588 209
1613	152848	11	205 19 290 289 141 136 4 588 25
447	195401	11	305 347 16 39 17 42 14 15 609 143 117 280
447	96611	11	1437 593 305 347 36 34 317 369 14 15 609 143 117 37
3194	13803	11	84 55 554 894
3194	97120	11	0 99 554 141 136 143 4 872 263 894
1613	149200	11	205 19 193 190 588 209
3194	246509	11	872 263 894 23 60 63 37
1613	81411	11	205 19 193 141 136 4 609 209
259	14896	11	130 128 300 708 205 19 559 35
2123	190107	11	259 501 494 885 26 127 1219 121 237
3194	106320	11	205 19 554 894 894
2121	208088	11	135 64 494 885 26 43 40 114 115 133 188
446	37703	11	14 15 609 143 117 205 19 95 273
3194	229921	11	0 99 554 894 43 40 317 450
1613	102522	11	765 12 0 99 5 62 228 478 193 588 209 12 5 43 40 496
3194	193276	11	60 63 872 263 41 44 71 5 51 40 68 649
3194	243620	11	894 894 1972 631 43 40 60 63
167	226593	11	43 40 178 118 588 254 255
3194	244684	11	205 19 60 63 872 263 139 44
1613	8870	11	205 19 1724 55 141 136 4 588 209
3194	175746	11	0 5 109 894 894 464 300 16 43 40 464
1613	42468	11	36 34 193 588 37
2119	186691	11	51 40 64 494 885 26
167	236724	11	71 5 177 178 588 209 254 255 12 329 4 588 209
259	71448	11	130 128 300 708 408 191 97 266 67
1613	195623	11	43 40 193 300 588
447	158162	11	609 143 495 62 10 65 317 369 40
2123	245640	11	43 40 193 117 245 171 494 885 26
3194	6812	11	0 55 66 364 894 99 554 149 17 318 321 43 40 60 63
167	231264	11	43 46 521 178 588 209 254 255
167	54109	11	177 178 588 209 254 255 568 1674 216 1155 245 395 1343 1469 922 55 572 131 134
1613	123933	11	205 19 62 163 259 16 193 588
1613	1247	11	452 121 300 588
167	232827	11	521 178 588 209 254
3194	53392	11	43 40 60 63 17 67 872 263 41 44
167	218287	11	0 99 177 178 588 209 254 259
167	232185	11	0 99 5 177 178 588 209 254 255 12 94 71 5 534 533 104 407 452 121
167	82370	11	71 177 178 0 4 588 209 254 255 18 770 252 489 22 41 661 130 407 404 252 446
3194	218279	11	60 63 65 25 12 84 39 42 872 263 396 4
1613	61578	11	43 40 62 14 15 16 193 588 209
167	242060	11	588 209 254 255 268 248 177 178 792 39 17 42 177 178 4 408 191 260 5 47
167	13222	11	131 134 254 255 298 521 67 12 71 5 177 178 131 134 4 588 209 254 255 12 850 968 598
1613	121576	11	205 19 193 117 609 694 4 609 209
167	157282	11	0 99 177 178 588 254 255
447	37288	11	14 15 609 143 117 43 46 57 22 433 317 369
3194	112952	11	0 71 5 554 894
2119	245449	11	259 501 494 885 26 64 341 51 40 4
2123	249147	11	432 2 290 289 259 501 494 885 26
2119	9138	11	259 501 494 885 26 64 51 40
1613	126116	11	235 193 117 588 209
3194	191767	11	0 99 554 872 263 43 40 234
3194	190522	11	1150 872 263
167	89243	11	71 5 177 178 588 209 254 255 12 205 19 177 178 62 97 65 177 178 20
3194	1772	11	205 19 60 63 872 263 41 44
167	196703	11	0 23 178 588 254 37
1613	71823	11	0 4 265 79 588 209 43 40 193
2123	158640	11	14 15 163 259 127 0 4 65 25 127 84 55 259 501 494 885 26
167	234628	11	0 5 772 588 209 254 255 177 178 18 402 581 128 4759 1748 2781 1748 381 1748
167	183882	11	17 117 8 43 40 153 355
3194	52185	11	43 40 84 55 60 63 872 263 4 174 393
3194	67930	11	36 34 60 63 554 872 263 37
1613	204923	11	43 40 193 117 588 25
167	71096	11	765 568 0 5 109 588 209 254 255 177 178 18 770 919 216 219 751 483 654 38 884 55 572 131 134
3194	234073	11	60 63 554 894 4 43 40 60
3194	95249	11	0 99 62 142 65 554 73 364 471 2481 894 12 43 40 60 63
2120	145249	11	259 501 494 885 26 5 43 40 343 443
1613	101969	11	0 99 193 588 235 193
167	105509	11	588 209 254 255 402 169 167 1506 800 403 177 178 155 402 169 167 1153 294 1506 800
1613	171082	11	0 99 62 14 15 193 588
1613	193730	11	62 142 65 193 190 588 43 40 234 280
3194	27771	11	0 99 60 894 894 605 207 41 44 12 36 34 535 453 0 43 40 60 37
1613	76715	11	22 433 16 43 40 193 117 588 209
167	84660	11	205 19 178 588 209 254
2121	230986	11	17 23 106 201 494 885 26
3194	200245	11	60 63 65 25 43 40 84 55 872 263
1613	216147	11	36 34 62 53 52 228 478 193 588 37
2122	172569	11	494 885 26 43 40 530 188
167	121522	11	205 19 521 178 300 588 254 255
3194	217675	11	43 40 62 14 15 554 543 779 2065
167	101131	11	205 593 521 178 609 588 254 255
2121	113777	11	18 51 40 259 501 494 885 26 252 4 107 1863 17 60 464
2121	91156	11	259 501 494 885 26 43 40 106 17 67 201 176 13 43 40 234
2121	53598	11	163 259 494 885 26 106 201
2120	156749	11	343 443 259 501 494 885 26
2123	226740	11	205 19 155 18 14 15 259 501 494 885 26 609 143
3194	14946	11	99 554 894 894
167	51921	11	588 209 4 254 255 144 298 521 12 71 5 177 178 588 209 254 255 41 44
1613	67808	11	99 5 62 14 15 16 193 588 43 40 234 386
1613	41849	11	62 14 15 65 205 19 193 117 588 209
3194	44656	11	205 19 60 63 872 263 779
167	113215	11	0 4 588 209 254 423 337 67 12 0 5 177 178 588 209 254 255
167	11755	11	0 99 67 343 66 95 205 19 177 178 588 209 254 255
3194	80409	11	43 40 16 14 15 554 872 263
167	169395	11	268 248 177 178 588 209 254 255 12 94 64 5 434 104 407 452 121
167	118122	11	5 47 17 5 166 108 81 221 588 254 12 144 222 786 818 980 221 17 1160
167	219308	11	43 40 178 588 254 542
1613	189913	11	0 99 103 66 95 43 46 193 117 588 209
167	113377	11	43 46 177 178 588 209 254 542
3194	80936	11	60 63 872 263 103 389 43 40 60 63
3194	36999	11	43 40 62 142 16 25 554 894
3194	218930	11	0 99 60 63 55 99 285 1150 894 894 37
167	91141	11	588 209 254 205 19 177 178
2119	110136	11	14 15 494 885 26 64 903 574 4
3194	53401	11	43 40 60 63 894 894
3194	113513	11	0 99 60 63 66 68 554 894 41 44
1613	245509	11	0 43 40 193 685 66 190 588 209
3194	106251	11	84 55 554 894 4 408 191
3194	178908	11	43 40 60 63 779 1309 285 1150
167	64407	11	43 40 177 178 588 254
1613	164160	11	0 99 193 141 136 4 588 209 12 506 319 43 40 341
3194	196795	11	0 99 60 63 872 263 41 44 12 319 43 40 46 60 63
2119	104741	11	259 501 494 885 26 64 903 574 20
7852	226124	11	259 501 494 885 26 18 51 40 92 80 85
1613	176355	11	0 5 193 522 588 209 291 460
167	159218	11	609 209 254 542 43 40 177 178
7852	86811	11	259 501 494 885 26 92 80 85
1613	6874	11	277 305 79 588 209 43 40 193
3194	81084	11	0 99 62 163 259 16 554 872 263 894 127 43 40 234
3194	220741	11	872 263 894 62 97 60 63
1613	129768	11	43 40 46 62 16 25 193 588
3194	161205	11	0 99 318 321 43 40 60 63 10 190 872 263 4 359 554 139 44
167	37803	11	177 178 588 209 254 255 12 506 319 43 40 177 178 12 84 55 148 128 145 146 6 7 8 4
1613	8031	11	205 19 62 14 15 193 588
3194	65308	11	0 99 60 63 554 894 4 41 44 12 43 40 60 63
446	234074	11	609 143 117 62 97 95 273
3194	195702	11	23 60 63 59 61 894 894 4 139 44 37
1613	233015	11	0 99 62 14 15 193 190 588 209
2120	111252	11	259 501 494 885 26 343 443
1613	85899	11	121 103 0 319 43 40 193 588 209
2122	240825	11	259 501 494 885 26 43 46 530 188
167	191985	11	177 178 588 209 254 255 568 43 40 266 177 178
7852	50417	11	259 501 494 885 26 58 105 92 80 85
167	79368	11	205 19 521 236 588 209 254 542
3194	152837	11	205 19 61 554 872 263
2121	225460	11	494 885 26 107 1863 106 201 17 67 43 40 234
3194	247753	11	84 55 872 263 396 591
167	85029	11	0 588 209 254 255 99 177 178 149 1578 1562 1575 5 177 178 155 2166 794 129 1334
2123	48358	11	43 46 133 199 494 885 26 4 277 279 237
1613	245041	11	0 43 40 62 142 16 25 193 141 136 4 588 209 20
1613	178577	11	0 99 62 14 15 163 259 16 25 193 588
1613	146063	11	43 40 193 588 209 280
1613	87463	11	205 19 62 14 15 163 259 193 588 209
1613	134410	11	609 143 822 205 19 193 588
3194	67174	11	0 60 63 872 263 894 208 206 41 44 18 51 40 60 63 17 67
446	83343	11	43 46 95 273 14 15 609 143 117
167	89617	11	205 19 521 178 588 209 254 255 13 62 97 190 171 100 36 34 521 178
3194	31975	11	0 5 554 894 127 43 40 60 63
3194	146264	11	43 40 60 872 263 285 1150
3194	52932	11	205 19 60 63 872 263 307 31
3194	172433	11	872 263 43 40 554
167	161453	11	452 121 177 178 588 209 254 255
3194	211222	11	0 5 60 190 872 263 894
3194	169081	11	18 51 40 39 17 42 60 63 872 263 41 44 4 408 191
3194	182974	11	0 99 109 543 894 1005 266 554
3194	2802	11	872 263 60 63 62 51 40 171 100
3194	170049	11	43 40 60 17 67 872 263 678 61 67
3194	151685	11	43 40 60 63 872 263 1972 631 4 307 31
3194	242564	11	0 99 554 779 2848
167	131135	11	43 40 177 178 588 209 254
2119	238489	11	0 99 103 66 95 10 190 259 501 494 885 26 4 630 629
167	115308	11	178 588 209 254 542
3194	77127	11	43 40 60 63 779 285 1150 41 44
3194	70734	11	872 263 894 43 40 554
2121	213517	11	0 99 103 95 14 15 494 885 26 142 190 43 40 17 23 106 201 280
259	48863	11	559 35 130 128 300 708
1613	242424	11	0 5 193 127 588
167	245865	11	588 209 254 255 43 40 521 178
1613	19313	11	609 143 588 209 43 46 193 117
3194	88319	11	62 97 65 60 63 872 263 41 44
3194	239257	11	0 99 60 872 263 41 44 60 17 59 266 43 40 234
1613	236949	11	43 40 46 452 121 588 209
1613	89198	11	43 40 62 14 15 65 25 193 588 209
2120	219445	11	10 190 494 885 26 23 17 23 133 139
167	138805	11	177 178 588 209 254 255 568 0 4 57 105 254
3194	236800	11	43 40 36 34 60 63 554 872 263
2123	118030	11	43 40 155 494 885 26
167	55578	11	588 209 4 254 255 43 40 178
2119	128232	11	121 103 259 501 494 885 26 64 903 51 40 4
259	183421	11	0 99 62 14 15 16 341 190 130 128 300 708 43 40 341
1613	155782	11	14 15 193 588 209
3194	92907	11	43 40 60 63 894 894 1972 631 41 44
2123	92123	11	0 62 97 65 39 259 501 494 885 26
167	27653	11	99 103 66 95 0 4 588 209 254 255 62 97 178
3194	8792	11	135 64 0 99 103 103 55 872 263 61 554 43 40 60 63
167	238669	11	177 178 588 209 254 255 12 0 4 588 209 254 255 177 178 17 67
167	6260	11	43 40 46 177 178 588 209 254 542
2123	105785	11	155 18 259 501 494 885 26 71 5 341 51 40
167	218191	11	0 5 109 588 209 254 255 177 178 18 131 134 251 255 402 99 1401 1401 1258 422 216 1259 69 168 1469 922 55 572 131 134 403 43 40 341
3194	28735	11	43 40 60 631 543 894
2119	93506	11	10 190 14 15 494 885 26 64 903 574 4
167	222097	11	0 99 177 178 0 1197 781 1197 4 588 209 254 542 12 201 62 0 17 318 321 43 40 177 178
167	129792	11	177 178 588 209 254 255 770 685 321 676 871 395 1343 568 177 178 18 568 344 439 329 676 871 300
1613	101909	11	0 201 62 5 193 117 588 209
446	85073	11	22 433 205 19 95 273 14 15 609 143 117
259	161250	11	130 128 300 708 559 35
3194	102058	11	60 63 39 17 42 872 263
3194	92106	11	554 872 263 62 97 65 60
3194	135248	11	327 808 60 63 84 55 872 263
167	196808	11	201 62 62 14 15 57 4 64 34 132 57 4 422 586 747 1135 1250 1913 811 55 572 131 134 12 43 46 177 178 588 254 280 13 1103 405 731 614
2121	141501	11	259 501 494 885 26 12 763 404 341 398 12 188 43 40 42 58
3194	6223	11	0 99 554 872 263 506 319 62 97 190 68 203 95 409 408
259	172859	11	121 103 43 40 317 451 130 128 300 708
3194	167928	11	60 872 263 62 97 190 667 25
3194	161121	11	0 99 554 894 43 40 60 63
3194	81045	11	99 59 61 872 263
167	212568	11	43 40 521 178 588 254
2123	18435	11	43 40 452 121 14 15 494 885 26
1613	225668	11	0 99 62 14 15 163 259 16 193 609 209
3194	235470	11	18 51 40 17 23 60 63 872 263
3194	93463	11	0 5 60 63 779 779
1613	225373	11	43 40 193 117 609 588
3194	213930	11	60 63 41 44 396 195 43 40 84 55 872 263
1613	189873	11	14 15 36 34 193 588 209 17
167	114381	11	178 588 209 254
167	32065	11	0 4 305 347 92 14 15 648 290 18 1674 216 1591 245 1469 922 55 572 131 134 12 121 1686 1337 133 139
3194	180216	11	43 40 60 63 554 894 139 44
2123	220104	11	0 99 408 2164 14 15 259 501 494 885 26
2119	93348	11	240 243 494 885 26 64 53 52 228 478 4 37
1613	8550	11	43 40 62 14 15 163 259 193 117 588 209
3194	28230	11	0 99 60 605 207 285 1150 779 1309 12 60 17 59 266 18 51 40
3194	204260	11	84 55 872 263 66 607
167	180379	11	205 19 177 178 588 209 254 255 12 940 850 177 178 588 209 254 255 18 428 215 1935 1469 922
1613	194596	11	43 46 747 748 0 141 136 4 588 209
1613	36581	11	43 40 62 142 16 25 193 588 209
447	39607	11	43 40 317 369 14 15 609 143 117
3194	158032	11	43 40 60 61 554 872 263 41 44
3194	36851	11	43 40 43 40 60 63 872 263 285 1150
167	209050	11	43 40 178 588 209 254 280
3194	214118	11	0 99 554 872 263 779
1613	151937	11	14 15 205 19 193 588
3194	145356	11	84 55 51 40 396 195 36 34 174 12 0 5 60 63 872 263 285 1150 4 41 44
2120	131188	11	43 40 133 139 259 501 494 885 26
3194	241235	11	205 19 60 63 894 894 285 1150
167	126761	11	897 3286 177 178 588 209 254 255 568 178 155 176 1223 1668 143
167	103315	11	0 36 34 178 588 209 254 542 37
167	91682	11	521 178 588 209 254 255 12 748 597 395 1343 568 178 18 748 2080 395 1343
1613	229323	11	205 19 13 62 14 15 163 259 16 193 588
2121	221080	11	259 501 494 885 26 106 201
3194	205871	11	0 99 554 779 43 40 317
167	46754	11	588 209 254 255 177 178 17 67 12 109 178 18 402 537 537 305 347 22 433 279 177 407 404
3194	20751	11	5 554 872 263 43 40 463 460
167	75834	11	588 209 254 255 472 423 337 336 205 19 521 178
3194	76030	11	39 17 42 872 263 60 63
3194	65807	11	0 99 60 63 872 263 285 1150 4 41 44 43 40 60 63
3194	125706	11	43 40 60 63 872 263 779 4 41 44
3194	164195	11	43 40 60 63 872 263 779 41 44
3194	77728	11	43 40 60 894 894
3194	164582	11	0 99 60 63 285 779 779 41 44 43 40 60
1613	172618	11	592 161 527 687 205 19 193 117 588 209
1613	76283	11	43 40 193 522 588 209
2122	157572	11	10 190 0 182 408 259 501 494 885 26 67 12 43 40 772 763 404 302 536 42 539 537 538 918 813 78 555 67 43 40 495 84 107 408
1613	136268	11	0 99 193 588 209
1613	202652	11	141 136 588 209 43 40 193 117
3194	158810	11	0 99 554 543 779
3194	189492	11	43 40 554 872 263 779
2123	194528	11	205 19 452 121 14 15 163 259 494 885 26
167	93708	11	0 5 177 178 588 209 254 255 12 18 51 40 177 178 588 209 254 255 142 40 414 413
446	244413	11	43 40 95 273 609 143 117
3194	222823	11	605 207 631 872 263 43 40 60
3194	190072	11	0 99 550 0 109 894 554 67
167	86150	11	0 199 588 209 254 542 43 40 178
3194	243538	11	18 51 40 60 63 65 84 55 872 263 20
446	245172	11	609 143 117 62 97 65 95 273
167	21204	11	205 19 109 588 209 254 255 521 178 66 95
1613	144287	11	205 19 193 117 141 136 4 588 209
3194	5111	11	62 97 60 63 554 894
3194	43787	11	0 99 554 66 364 543 894 36 34 37
167	168656	11	177 178 588 209 254 255 770 3997 1591 1688 1640 708 178 18 814 2563 395 1343 1688 1640 708
2122	189944	11	14 15 494 885 26 4 530 188 100 546 64 51 40
3194	79180	11	0 99 60 63 872 263 285 1150 41 44
1613	194076	11	609 143 193 588 43 40 193
167	226901	11	765 1723 121 103 43 46 177 178 588 209 254 255 12 18 51 40 17 23 177 178 588 209
1613	142135	11	99 62 14 15 193 190 588 43 40 234
2120	56092	11	142 190 494 885 26 205 19 133 139
167	100236	11	177 178 588 209 254 255 640 60 418 1245 641 18 640 2080 2456 1135 128
447	49403	11	205 19 317 369 14 15 609 143 117
1613	198966	11	14 15 36 34 193 588 37
167	8634	11	177 178 588 254 12 43 40 177 178 20
167	216977	11	177 178 609 209 254
2121	166940	11	259 501 494 885 26 29 197 732 23 106 201
3194	140174	11	327 808 60 63 65 471 43 40 84 55 872 263 60 63
2121	183286	11	494 885 26 12 106 17 67 201
3194	149699	11	894 894 208 206
3194	173503	11	543 894 43 40 60 63
3194	247097	11	0 99 554 894 43 40 554
3194	204441	11	0 99 554 779 1309
447	56100	11	0 4 14 15 609 143 117 317 369 17 301 266
167	9329	11	5 177 178 588 209 254 255 12 121 581 26 766 327 534 533 0
2123	36253	11	0 4 259 501 494 885 26 4 1219 121 237 64 29 192 20
1613	227190	11	0 201 62 341 637 177 43 40 193 117 637 177 588 209
3194	247058	11	0 554 894 43 40 60 63
1613	109856	11	588 209 64 43 40 193 117 4
3194	59523	11	5 62 228 478 554 872 263 779 12 43 40 60 63 280
167	145174	11	521 178 588 209 254 542
3194	251528	11	62 97 36 34 60 63 872 263 894
3194	244187	11	121 103 0 5 554 894 43 40 554
3194	193439	11	0 5 60 63 872 263 41 44
3194	48741	11	0 99 60 63 554 872 263 41 44
2121	42425	11	494 885 26 106 201 43 40 106 17 67 342 201 62
2119	210345	11	259 501 494 885 26 51 40 339 646
3194	132116	11	121 103 66 95 60 63 872 263 41 44 71 5 142 40 60 63
167	52361	11	0 99 521 236 588 209 254 12 43 40 316 35
167	176252	11	0 71 5 177 178 588 209 254 255 12 144 147 521 236 485 128 67
3194	33544	11	43 40 60 63 872 263 335 704
2120	52333	11	205 19 122 59 259 501 494 885 26
1613	187967	11	43 40 193 143 474 61 525 407 404 588
167	23729	11	71 5 177 178 588 209 254 255 12 109 1531 129 1155 254 542 177 178 662
167	225996	11	0 71 5 177 178 588 209 254 255 12 414 413 550 836 66 95
1613	188737	11	43 40 193 685 588 209
3194	81124	11	55 84 55 359 894 4
2121	180583	11	259 501 494 885 26 43 40 106 201
259	125147	11	0 99 62 14 15 163 259 16 341 190 300 708
3194	197184	11	60 872 263 41 44 62 97
1613	58105	11	0 5 62 14 15 156 422 193 588
167	230224	11	178 588 25 254 255
3194	211274	11	0 144 147 317 369 67 12 18 51 40 84 55 872 263 60 63 142 66 687
3194	198848	11	60 63 65 84 55 872 263
3194	187833	11	18 51 40 0 39 17 42 894 894 4 60 63 100 546
167	97688	11	588 254 178 67
3194	21528	11	18 51 40 60 17 67 554 894 41 44
3194	160599	11	59 61 872 263 779
3194	202954	11	0 99 62 142 16 554 894 894
1613	192828	11	43 40 1724 55 609 209
3194	141023	11	0 99 318 321 0 62 14 15 163 259 16 25 60 63 4 779 1309 359 554 41 44 43 40 60 63 84 55 174 607
3194	2800	11	0 554 894
167	37623	11	43 40 521 178 951 588 254 255
1613	172651	11	121 103 919 228 478 205 19 193 300 588
1613	129460	11	147 386 568 0 99 62 53 52 4 14 15 65 193 190 588
1613	131860	11	205 19 290 289 588 209
446	175155	11	609 143 117 43 40 95 273
3194	86058	11	779 43 40 554
167	249528	11	0 99 177 178 588 209 254 255 12 268 248 177 178 149 106 108 94 534 533 104 407
2120	81189	11	14 15 494 885 26 205 19 133 139
1613	232840	11	193 130 128 588 209 5 188 37
2122	237329	11	14 15 163 259 259 501 494 885 26 43 40 530 188
1613	197446	11	14 15 16 205 19 193 588
3194	114130	11	0 99 60 63 1086 1309 285 1150 41 44 12 39 17 42 656 506 203 369 12 364 166 108 1 253 12 211 212 12 47 50 12 491 862 190
3194	140495	11	0 103 95 43 40 23 62 14 15 16 554 872 263
1613	207128	11	43 40 193 588 209 12 53
167	74253	11	5 177 178 588 209 254 255 364 23 534 533 104 407 37
1613	18846	11	205 19 193 117 0 4 588 209
1613	193794	11	588 209 62 97 65 193
167	234293	11	609 105 254 205 19 178
167	142746	11	205 19 521 178 588 209 254
1613	4193	11	205 19 62 14 15 163 259 193 782 512 588
167	32011	11	588 209 254 43 40 177 178
3194	225129	11	60 63 872 263
3194	26066	11	0 60 190 779 779 47 285 1150 4 41 44 2355
1613	37441	11	0 5 62 14 15 163 259 193 190 588 209
3194	45205	11	55 66 364 779 43 40 554
167	65113	11	177 178 588 209 254 255 12 772 201 62 4 402 193 446 549 1246 403 298 521 18 402 231 41 176 407
2121	141752	11	494 885 26 4 107 1863 43 40 276 64 106 17 67 201
3194	141389	11	43 40 463 17 67 872 263 41 44
2122	249233	11	259 501 494 885 26 64 43 40 530 188 4
167	237686	11	99 5 177 178 526 132 588 209 254 255 18 770 3399 305 2065 192 732 1135 923
1613	45988	11	193 14 15 588 209 43 40 193
3194	213085	11	0 99 62 14 15 554 543 894 894
3194	50972	11	872 263 60 63 43 40 496
3194	5538	11	43 46 60 63 1577 779 41 44
167	197316	11	205 19 521 178 588 209 254 542
3194	7596	11	60 63 872 263 1972 631 62 97
3194	61471	11	43 40 60 63 285 1150 894 894 41 44
1613	61313	11	121 103 43 40 62 14 15 193 588 209
1613	52968	11	205 19 193 130 128 588 209
167	191057	11	195 26 48 42 0 4 588 209 254 255 43 40 178
1613	28619	11	14 15 42 143 588 209 43 40 193
1613	231197	11	43 40 36 34 193 588 20
3194	249863	11	43 40 60 63 605 207 285 1150 779 1309
1613	154202	11	0 36 34 62 14 15 163 259 193 588 209 37
2123	164514	11	14 15 163 259 127 65 25 55 66 190 127 259 501 494 885 26 127 43 40 341 4
3194	4413	11	0 99 60 63 61 554 872 263 127 36 64 60 63 174 607 364 55 277 305 263 811 127 516 274 241 4 84 55 872 263 280
3194	96418	11	0 5 60 63 605 207 285 1150 543 894
3194	238969	11	872 263 60 63 62 97 190 396 195
3194	190485	11	99 464 66 68 894 554
1613	53667	11	0 36 34 193 117 588 209 37
3194	147652	11	43 40 60 63 872 263 208 206
3194	100184	11	62 97 65 554 894 12 43 40 39 17 42
3194	236971	11	0 99 554 66 68 894 894
2119	88781	11	259 501 494 885 26 64 51 40 339 646
3194	252103	11	43 40 60 63 872 263 359 554
3194	45962	11	1972 631 543 894
167	181383	11	43 46 177 178 588 254
3194	236528	11	818 473 779 1309 43 40 60 63
167	118186	11	0 99 109 588 209 254 255 236 95
1613	242678	11	43 40 193 522 14 15 588 209
3194	249536	11	99 5 554 894
1613	165007	11	43 52 141 136 193 588
2120	165149	11	0 5 290 678 14 15 494 885 26
3194	149991	11	43 40 60 1350 872 263 41 44
3194	242791	11	43 40 84 55 60 1350 872 263 894
167	206932	11	521 236 588 209 254 255
1613	19396	11	121 103 588 209 43 40 193
1613	94072	11	193 117 588 209 262 884
3194	121366	11	43 40 60 63 59 61 779 1309
167	65792	11	71 5 177 178 588 209 254 255 12 121 176 766 327 343 388
3194	30979	11	0 5 60 63 1972 631 779 1309 139 44 12 43 40 39 17 42 142 190
3194	100571	11	43 40 62 142 190 300 708 16 554 872 263
167	38807	11	588 209 254 255 162 131 134 254 255 17 656 663 12 71 5 177 178
3194	251213	11	43 40 60 63 872 263 61 554
3194	102928	11	0 99 5 554 872 263 894 894
1613	240596	11	205 19 62 14 15 163 259 16 193 588 209
3194	64304	11	43 40 0 60 63 17 67 872 263 41 44
1613	155033	11	14 15 43 40 193 588 209 740
1613	74790	11	205 19 193 117 609 209
167	69488	11	43 40 522 110 588 209
1613	70060	11	0 99 62 14 15 163 259 16 193 66 190 588 209
3194	247740	11	60 63 1972 631 872 263 41 44
167	158954	11	0 99 177 178 588 209 254 255 12 121 103 43 40 299 386
446	166841	11	14 15 609 143 117 62 97 95
1613	172791	11	205 19 452 121 193 588
2123	44532	11	182 408 259 501 494 885 26
1613	83435	11	14 15 43 40 193 117 588 209
167	224372	11	588 209 254 255 177 178 155 131 134 254 255 568 81 221 290 289 328 367 472 337 67
3194	204843	11	205 19 59 61 872 263
2120	136757	11	14 15 494 885 26 43 40 23 290 678
3194	168108	11	0 99 554 66 68 872 263 894
3194	250876	11	554 779 319 43 40 316 35 20
3194	222497	11	0 99 872 263 1972 631
3194	142599	11	779 1309 47 107 1150
167	89100	11	148 128 145 146 588 209 254 255 62 97 65 178
3194	190604	11	0 62 14 15 16 554 364 543 894
3194	217725	11	43 40 60 63 17 67 554 872 263 894 4
3194	205530	11	43 40 60 63 359 779
3194	22885	11	0 43 40 60 63 872 263 41 44
1613	13011	11	609 143 588 209 97 65 193 117
3194	166805	11	18 51 40 17 23 60 63 872 263 285 1150
1613	208730	11	240 243 36 34 193 588 37
2121	113515	11	532 190 154 41 290 289 4 14 15 494 885 26 175 17 23 106 201 67
3194	154456	11	0 5 59 61 872 263 43 40 234
167	66522	11	205 19 177 178 588 209 254 255 12 588 209 254 255 17 64 0 52 131 134 4 254 255
3194	246182	11	43 40 60 63 894 894 4 307 31
3194	246703	11	43 40 60 63 554 779 41 44 12 55 60 63 12 150 84 55 554 582 586 4
167	30126	11	131 134 254 255 177 178 525 568 588 209 254 255 268 248 177 178
3194	34457	11	84 55 60 872 263 894 10 190 667 25
2121	14519	11	259 501 494 885 26 17 23 106 201
1613	251039	11	193 117 588 209 43 40 496
167	167192	11	0 99 178 588 254
3194	139309	11	43 40 554 543 368 263
1613	15827	11	205 19 62 14 15 163 259 16 193 588
3194	83980	11	205 19 1972 631 894 894
167	35046	11	177 178 588 209 254 255 12 254 255 337 336 17 318 321 235 177 178
3194	118690	11	0 39 17 42 60 63 872 263 445 25
1613	150823	11	205 19 155 18 14 15 4 609 143
2119	96190	11	190 26 407 404 65 25 4 14 15 494 885 26 64 468 4 37
3194	175078	11	43 40 60 63 554 872 263
3194	180319	11	0 99 222 894 894 983 39 2 456 26 43 40 341
3194	216056	11	43 40 631 872 263
3194	114370	11	43 40 59 61 779
3194	96711	11	0 99 59 61 894 894
167	212756	11	177 178 588 209 254 255 43 40 178 12 588 209 254 255 5 178 95 12 236 67 131 134
1613	44849	11	588 209 0 43 40 193 17 67 280
2123	57593	11	259 501 494 885 26 62 97
3194	114873	11	0 5 60 63 554 894 41 44 43 40 60 63
3194	235273	11	0 143 55 334 364 543 779 99 631 222 232 779 26
2121	110697	11	259 501 494 885 26 205 19 106 201
3194	190699	11	541 5 872 263 894
3194	176863	11	23 60 63 872 263 894 37
2123	194597	11	43 40 155 18 259 501 494 885 26
3194	33668	11	43 40 60 63 59 61 872 263 894
3194	233806	11	872 263 528 51 40 396 195
3194	84889	11	0 5 554 779 12 235 84 55 872 263 359 554 4 445 25 67
167	147949	11	236 588 254
2122	127003	11	259 501 494 885 26 60 63 4 41 44 163 66 190 26 48 17 163 4 41 44 364 55 66 503 1546 1568 37
1613	43478	11	0 99 193 117 66 190 14 15 588 209
167	170780	11	0 99 177 178 588 209 254 255 18 581 128 143 661
3194	13599	11	43 40 84 55 267 1123 872 263 60 63 4
3194	20900	11	43 40 39 42 1086 1309 60 63 4 314 110 20
167	128606	11	0 142 190 43 40 109 588 209 254 255 178 662
2122	31210	11	259 501 494 885 26 60 63 4 139 44 71 5 308 309 29 326 45 23 55 188
3194	202900	11	201 62 99 554 779 43 40 234
1613	245040	11	0 99 62 14 15 16 193 190 1292 1719 588
3194	196261	11	17 36 34 60 631 872 263 221
3194	234659	11	0 99 554 872 263 43 40 60 63
167	151157	11	588 209 254 542 205 19 177 178
1613	19742	11	142 16 25 4 588 209 64 43 40 193 117 4
3194	192562	11	43 40 60 63 208 206 894 894
3194	153370	11	268 248 60 63 554 894 41 44
3194	231165	11	60 63 396 591 84 55 872 263
1613	165036	11	43 40 46 193 588 209
2123	105077	11	43 46 341 494 885 26
3194	196114	11	43 40 60 63 1972 631 872 263
3194	192734	11	43 40 60 63 554 894 894
167	134528	11	23 178 588 209 254 542 37
167	36621	11	205 71 5 177 178 588 209 254 255 12 36 434 104 407 452 121
1613	170071	11	43 40 193 117 0 4 588 209
3194	242962	11	99 554 66 68 894 894
167	26750	11	0 99 177 178 211 212 588 25 254 255
167	149582	11	0 4 588 209 43 40 521 236 254 542
3194	137738	11	60 63 872 263 174 607
1613	231891	11	245 171 786 818 588 209 193 117
3194	138944	11	872 263 62 97 65 60 63
2122	135727	11	259 501 494 885 26 43 40 530 188
1613	171946	11	205 19 62 14 15 163 259 16 193 782 588
3194	82230	11	872 263 60 63 62 97 66 396
3194	34474	11	43 40 60 63 872 263 1972 631 4 307
167	157466	11	452 121 177 178 588 209 254 255 568 201 55 254 255 516 131 134 254 255 17 663
1613	168657	11	0 5 193 588 43 40 193
3194	162288	11	36 34 62 14 15 163 259 16 605 207 285 1150 894 894 4 41 44 37
167	19287	11	99 177 178 0 4 588 209 254 255 12 43 40 177 178 20
1613	91744	11	142 40 62 14 15 193 588
1613	128878	11	193 117 588 209 51 40 5 47
1613	89996	11	205 19 748 677 588 209
3194	16576	11	554 779 43 40 554
167	211088	11	414 413 177 178 66 95 588 209 254 255 18 770 1899 41 176 960
167	135414	11	121 103 205 19 177 178 588 209 254 255
2121	4822	11	259 501 494 885 26 106 201 401 702
167	60202	11	0 99 109 588 209 254 255 177 178 18 1592 485 294 95 177 355 588
446	140006	11	14 15 609 143 117 95 273
3194	46698	11	99 60 63 554 894 4 41 44 62 97 65 60 63
259	81185	11	18 51 40 0 4 525 478 4 130 128 300 708 559 35 869 1129 17 67
1613	8126	11	588 209 235 193 117
1613	208069	11	121 103 43 40 193 117 588 209
1613	90091	11	43 40 193 117 588 209 280
1613	241150	11	0 43 40 62 14 15 163 259 16 193 154 588
3194	227584	11	43 40 60 63 872 263 894 71 5 554 4
3194	212416	11	60 872 263 41 44 62 97 65 60
3194	26380	11	983 894 894
167	5554	11	205 19 177 178 154 41 588 209 254 255
167	68796	11	550 0 521 178 588 209 254 255 12 178 18 446 1157 446 263 262
1613	210817	11	0 99 62 14 15 193 300 588 43 40 316 35
167	201437	11	0 5 178 588 254 43 40 178
167	160944	11	43 40 36 34 178 588 254
2123	8218	11	43 40 182 408 259 501 494 885 26
3194	117096	11	245 171 407 404 974 872 263 84 39 42 60 63 171 100
446	229505	11	609 143 117 95 273
1613	251555	11	190 26 822 43 40 193 117 588 209
2122	76848	11	14 15 494 885 26 364 302 536 135 55 107 1863 37
3194	68214	11	205 19 554 872 263
3194	189132	11	872 263 62 97 65 60
1613	75158	11	43 46 182 408 588 209
2122	224817	11	53 10 494 885 26 302 536 235 530 17 42 188 280
3194	62890	11	43 40 60 63 779 779 605 207 285 1150 4 41 44
3194	168052	11	872 263 60 63 62 97 60 63
1613	109810	11	0 99 62 14 15 16 193 588 12 414 413 1157 306 66 95 0 333 14 329 329 329 523 344 15 333 223 344 1435 969 786
1613	105658	11	43 46 193 300 588
167	196596	11	254 542 64 533 728 1163 339 470 4 12 0 99 177 178 588 209 254 255
167	97266	11	588 209 254 43 40 178
3194	37637	11	60 63 872 263 432 97 301
3194	66460	11	39 17 42 60 63 872 263 4 445 25
3194	91698	11	205 19 60 63 554 894
1613	112151	11	205 19 62 14 15 16 193 588
3194	100498	11	0 99 631 1150 894 894
2123	156395	11	182 929 259 501 494 885 26
2122	114173	11	14 15 494 885 26 65 412 190 763 404 166 108 4 530 133 176 189 12 64 173 23 530 133 4 296 75 107 1863 37 12 758 205 530 133 66 687 188 12 71 5 64 190 26 78 555 159 1133 12 205 593 531 59 12 277 431 190 26 78 555 101 48 12 23 476 530 133 532 687 188 4 20
446	167697	11	832 460 10 190 609 143 117 127 761 271 271 43 40 95 273
167	45797	11	5 177 178 588 209 254 255 43 40 178 280
167	16043	11	588 209 4 254 255 36 34 177 178 17
1613	127830	11	0 5 245 171 407 404 16 496 588 209
1613	22863	11	43 193 277 305 79 588 209
446	92311	11	95 273 14 15 609 143 117
167	224926	11	43 40 178 565 50 588 209
1613	42253	11	205 19 193 117 609 588
3194	235366	11	554 894 43 40 60 63
2120	102869	11	259 501 494 885 26 43 40 343 312
3194	176389	11	43 46 60 63 872 263 285 1150 139 44
167	70147	11	473 250 468 4 620 149 99 177 178 588 209 254 255 568 43 40 316 35
3194	85537	11	99 59 61 543 779 127 205 19 234 386
167	64129	11	0 5 178 588 209 254 255
1613	47499	11	43 40 62 14 15 193 117 588 209
1613	205006	11	43 46 408 681 193 588
3194	129656	11	872 263 1972 631 5 60 63 62 97 65 280
1613	40698	11	205 19 193 143 609 209
1613	202866	11	205 19 193 685 588 209
3194	32676	11	0 99 554 894 235 60 63
1613	221820	11	0 99 62 14 15 163 259 193 190 588
447	55647	11	14 15 609 143 117 317 17 16 266
167	157581	11	0 4 588 209 254 255 23 521 178 37
1613	86140	11	205 19 62 14 15 16 25 193 588
167	150395	11	0 99 521 178 588 209 254 255
167	217535	11	588 254 177 178
3194	237006	11	0 99 62 142 190 228 478 554 872 263 894 12 43 40 496
1613	196306	11	14 15 16 4 588 209 43 40 496
3194	11346	11	0 99 60 190 872 263 285 1150 307 12 43 40 60
3194	90475	11	43 40 23 60 872 263
1613	115929	11	205 19 193 300 588
3194	65719	11	17 23 60 63 554 894 37
167	114993	11	588 209 254 542 41 44 43 40 521 178
3194	40796	11	36 34 62 14 15 163 259 554 894 894 37
2121	213018	11	494 885 26 17 23 106 201
3194	98247	11	0 99 554 543 779 43 40 234
167	231065	11	588 209 254 255 23 178 37
3194	40631	11	43 40 60 63 554 779 1309 4 307 31
3194	88098	11	43 40 60 63 872 263 183 184 41 44
167	173942	11	177 178 588 209 254 255 568 58 54
3194	49377	11	43 40 39 17 42 872 263 66 873
3194	184167	11	0 142 16 25 84 55 60 63 872 263 41 44 4 12 364 55 60 63 39 38 35 4 9 55 1 253 4
1613	161467	11	121 103 205 19 193 117 588 209
167	14034	11	177 178 588 209 401 400
167	60010	11	205 19 452 121 177 178 588 209 254 255
167	251236	11	588 209 43 40 178 254 20
3194	3152	11	43 40 554 872 263 41 44
167	4161	11	588 209 254 255 36 34 236 37
167	128995	11	71 521 236 588 209 254 255
167	193259	11	0 4 588 209 254 255 18 51 40 268 248 178 8 221
1613	179861	11	0 5 43 40 193 190 543 588
3194	204009	11	0 99 109 894 894 464 16 25 554 12 5 43 40 496
3194	120175	11	43 46 62 292 293 60 1840 2382 1622
3194	13798	11	60 63 631 872 263
3194	226177	11	872 263 894 59 61
3194	159356	11	0 99 60 63 872 263 57 811
167	24020	11	0 5 521 178 66 95 588 209 254 255
2121	234286	11	14 15 259 501 494 885 26 107 1863 205 19 106 201
3194	872	11	0 99 554 67 0 143 894 12 78 97 190 60 63 139 44
3194	64914	11	43 40 60 63 13 872 263 41 44
3194	12192	11	305 347 43 40 60 63 872 263 107 285 1150 4 41 44
1613	69957	11	205 19 193 117 609 143 588 209
447	66946	11	22 433 205 19 317 369 609 143 117
2123	252351	11	205 19 155 18 259 501 494 885 26
167	96686	11	521 178 588 254
1613	248421	11	609 143 205 19 193 117 588 209
3194	84329	11	121 103 95 0 99 62 14 15 163 259 16 554 0 141 143 1236 2326 4 872 263 43 40 496 20
3194	164030	11	57 305 347 43 40 60 63 554 894 4 307 31
167	147660	11	205 19 178 588 209 254 542
1613	125667	11	0 99 193 588 43 40 193
167	98864	11	521 178 38 35 588 209
1613	217894	11	43 46 408 681 588 209
167	171933	11	0 99 178 95 588 209 254 542
1613	63377	11	0 99 290 289 609 209
3194	173046	11	23 550 0 554 894 37
1613	115361	11	14 15 205 19 193 588 209
3194	3647	11	872 263 64 51 40 396 195
167	61876	11	177 178 588 209 254 255 18 770 2524 597 327 366 716 877 560 422 1230
3194	93016	11	699 39 42 872 263 59 61 41 44 396 195
3194	238184	11	43 40 60 63 872 263 396
1613	99629	11	228 478 16 193 588
2120	150620	11	43 40 290 678 259 501 494 885 26
167	88332	11	16 25 4 588 209 254 36 34 177 178 37
3194	222360	11	0 64 554 779 17 64 359 779
167	187923	11	0 4 588 209 254 255 5 177 178 155 568 3921 626 608 1852 143 661
1613	78702	11	292 293 300 43 40 193 588 209
446	86679	11	14 15 609 143 117 22 433 822 95 273
1613	37383	11	205 19 408 681 588 209
3194	77025	11	61 554 872 263
1613	37795	11	193 117 588 209 127 43 40 341
3194	220608	11	60 63 65 84 55 872 263 174 607
2122	187340	11	494 885 26 107 1863 43 40 528 4
167	206967	11	43 40 178 588 209 254 255
1613	84735	11	14 15 16 25 43 40 193 588 209
167	213886	11	177 178 588 209 254 255 177 178 17 67 43 40 234 99 177 178 66 95
167	7321	11	588 209 254 542 521 178
1613	61367	11	300 445 822 43 46 193 117 588 209
167	8980	11	588 209 254 255 99 177 178 66 95
2123	197272	11	43 40 452 121 259 501 494 885 26
3194	239011	11	0 99 60 63 872 263 41 44 12 43 40 60 63
3194	244003	11	18 51 40 894 894 17 36 34 60 63
167	61873	11	0 5 177 178 588 209 254 255 12 177 178 18 770 582 1332 501 143 4026 256 2 407 404
3194	127643	11	43 40 60 17 67 872 263 67
1613	185183	11	43 40 193 588 209 12 17 318 321 43 40 193
3194	152914	11	0 99 60 63 66 190 872 263 1972 631
2121	179006	11	259 501 494 885 26 4 1748 176 43 40 17 23 106 201
3194	200161	11	43 40 46 45 23 317 16 266 109 0 143 894 554 59 266
2121	153642	11	0 452 121 67 259 501 494 885 26 12 150 64 106 17 67 201
3194	30612	11	0 5 60 63 872 263 12 43 40 84 55
1613	49016	11	43 40 62 14 15 163 259 193 588 20
3194	109686	11	0 43 40 60 63 17 67 872 263 41 44
3194	224727	11	0 99 554 779 43 40 60
1613	236587	11	193 588 43 40 496
3194	23737	11	43 40 60 631 894 894 208 206
3194	176586	11	0 99 5 554 872 263
1613	132465	11	121 103 43 46 193 588
1613	121663	11	143 661 131 134 43 40 193
3194	98824	11	43 40 60 63 206 195 26 285 1150 543 894
3194	22270	11	43 40 109 779 463 62 163 259 60 63
3194	248692	11	62 14 15 163 259 43 40 554 894
1613	238919	11	205 19 193 141 136 4 588 209
3194	207847	11	872 263 285 1150 60 63 62 97
3194	201472	11	60 63 872 263 41 44 62 97 65
3194	51442	11	62 97 65 60 63 1972 631 872 263
167	236343	11	236 588 209 525 43 40 178 588 209 254
3194	179981	11	0 99 208 554 68 894
167	153548	11	588 209 178 254
3194	153015	11	43 40 62 14 15 163 259 60 63 872 263 342
167	11571	11	588 25 254 255 177 178
3194	159476	11	894 894 62 14 15 23 554 37
3194	8761	11	872 263 894 268 248 60 63
3194	137908	11	43 40 60 1350 894 894
1613	140492	11	43 40 46 45 23 193 588
3194	23403	11	0 99 109 141 136 4 872 263 779 554 59 266 12 43 40 496
167	23511	11	588 209 254 255 402 512 6571 489 871 1456 403 177 178 153 221 155 402 809 216 962 385 489 871 733
167	7289	11	43 40 46 177 178 588 209 254 255
3194	25393	11	84 55 872 263 142 66 607
167	181055	11	177 178 588 209 254 255 18 431 1537 1503 1189 377 1051 2235 1125 732 251 433 689 692
259	76336	11	99 62 14 15 16 193 143 661 608 1852 407 404 300 708
3194	47354	11	0 99 60 66 68 554 894 4 41 44 12 43 40 60
3194	171202	11	0 5 60 61 872 263
1613	191518	11	43 46 193 588 209 13 205 19 234 386
3194	162740	11	121 103 12 36 34 62 142 190 228 478 16 59 61 894 894
3194	185599	11	0 99 554 872 263 894 12 62 228 478 16 506 319 43 40 316 35
3194	204315	11	0 99 554 543 894 894
446	196984	11	43 40 95 273 14 15 609 143 117
1613	181398	11	62 14 15 205 19 193 588
3194	238729	11	60 1350 872 263 41 44
3194	145706	11	18 51 40 60 63 17 67 872 263 1077 639 41 44
3194	203354	11	43 40 60 63 554 779
167	227845	11	71 5 177 178 588 209 254 255 792 772 402 1642 1327 1082 2336 403 178 18 402 451 1108 1360 321 492